Language_ID	Language_Name	Language_Family_Name	Language_Macroarea	Parameters_Coded	Total_Compared	Match_Count	Percentage_Similarity
quey1238	Queyu	Sino-Tibetan	Eurasia	6	6	6	100
japa1238	Japanese Sign Language	Sign Language	Eurasia	10	10	9	90
suru1262	Suruí	Tupian	South America	18	18	16	88.89
goro1270	Gorowa	Afro-Asiatic	Africa	13	13	11	84.62
nyun1247	Nyunga	Pama-Nyungan	Australia	26	26	22	84.62
nucl1454	Yawa	Yawa-Saweru	Papunesia	105	101	85	84.16
kunz1244	Kunza		South America	72	72	60	83.33
omii1238	Omi	Central Sudanic	Africa	18	18	15	83.33
tedi1235	Tedim Chin	Sino-Tibetan	Eurasia	170	160	132	82.5
pait1244	Paite Chin	Sino-Tibetan	Eurasia	152	149	122	81.88
finn1310	Finnish Sign Language	Sign Language	Eurasia	16	16	13	81.25
tagi1241	Tagin	Sino-Tibetan	Eurasia	96	96	78	81.25
khum1248	Khumi Chin	Sino-Tibetan	Eurasia	133	130	105	80.77
suru1261	Suruí Do Pará	Tupian	South America	68	67	54	80.6
guan1266	Khroskyabs	Sino-Tibetan	Eurasia	191	180	145	80.56
cent2126	Central Okinawan	Japonic	Eurasia	153	145	116	80
mmen1238	Mmen	Atlantic-Congo	Africa	10	10	8	80
gale1259	Galela	North Halmahera	Papunesia	143	137	109	79.56
drun1238	Drung	Sino-Tibetan	Eurasia	182	173	137	79.19
sumi1235	Sumi Naga	Sino-Tibetan	Eurasia	185	175	138	78.86
bang1369	Bangru	Sino-Tibetan	Eurasia	151	146	115	78.77
west2417	Western Muya	Sino-Tibetan	Eurasia	112	111	87	78.38
djeo1235	Djeoromitxí	Nuclear-Macro-Je	South America	107	106	83	78.3
lamk1238	Lamkang	Sino-Tibetan	Eurasia	175	169	132	78.11
jeru1240	Jerung	Sino-Tibetan	Eurasia	145	140	109	77.86
kaik1246	Kaike	Sino-Tibetan	Eurasia	184	176	137	77.84
lush1249	Mizo	Sino-Tibetan	Eurasia	182	171	133	77.78
dong1285	Dongxiang	Mongolic-Khitan	Eurasia	164	157	122	77.71
limb1266	Limbu	Sino-Tibetan	Eurasia	140	130	101	77.69
puqu1242	Puquina		South America	118	116	90	77.59
tang1377	Tangam	Sino-Tibetan	Eurasia	179	169	131	77.51
shix1238	Shixing	Sino-Tibetan	Eurasia	182	173	134	77.46
bawm1236	Bawm Chin	Sino-Tibetan	Eurasia	160	155	120	77.42
kain1272	Kaingang	Nuclear-Macro-Je	South America	31	31	24	77.42
haka1240	Haka Chin	Sino-Tibetan	Eurasia	170	159	123	77.36
khan1277	Southern Tangkhul Naga	Sino-Tibetan	Eurasia	165	163	126	77.3
tama1331	Tama (Chad)	Tamaic	Africa	139	132	102	77.27
tilu1238	Tilung	Sino-Tibetan	Eurasia	101	101	78	77.23
choc1275	Chocangacakha	Sino-Tibetan	Eurasia	124	117	90	76.92
mila1245	Milang	Sino-Tibetan	Eurasia	193	182	140	76.92
sout2954	Southern Amami-Oshima	Japonic	Eurasia	162	156	120	76.92
peri1253	Peripheral Mongolian	Mongolic-Khitan	Eurasia	129	121	93	76.86
zhab1238	Zhaba	Sino-Tibetan	Eurasia	146	142	109	76.76
wang1291	Ngiyambaa	Pama-Nyungan	Australia	169	159	122	76.73
puma1239	Puma	Sino-Tibetan	Eurasia	172	163	125	76.69
chak1270	Chak	Sino-Tibetan	Eurasia	188	180	138	76.67
cofa1242	Cofán		South America	137	137	105	76.64
caml1239	Camling	Sino-Tibetan	Eurasia	170	162	124	76.54
aona1235	Ao Naga	Sino-Tibetan	Eurasia	185	174	133	76.44
youl1235	Youle Jinuo	Sino-Tibetan	Eurasia	192	182	139	76.37
dura1244	Dura	Sino-Tibetan	Eurasia	171	165	126	76.36
sout2715	Southern Ghale	Sino-Tibetan	Eurasia	115	110	84	76.36
daai1236	Daai Chin	Sino-Tibetan	Eurasia	183	173	132	76.3
newa1246	Kathmandu Valley Newari	Sino-Tibetan	Eurasia	179	173	132	76.3
munc1235	Mün Chin	Sino-Tibetan	Eurasia	186	177	135	76.27
keap1239	Keapara	Austronesian	Papunesia	174	167	127	76.05
mund1320	Mundari	Austroasiatic	Eurasia	156	146	111	76.03
cani1243	Canichana		South America	50	50	38	76
mala1522	Malayo	Chibchan	South America	157	150	114	76
poya1241	Poyanáwa	Pano-Tacanan	South America	50	50	38	76
sout2728	Southern Qiang	Sino-Tibetan	Eurasia	192	183	139	75.96
zakh1243	Zakhring	Sino-Tibetan	Eurasia	111	108	82	75.93
zaiw1241	Zaiwa	Sino-Tibetan	Eurasia	174	166	126	75.9
sanu1240	Sanumá	Yanomamic	South America	150	141	107	75.89
bori1243	Bori-Karko	Sino-Tibetan	Eurasia	152	145	110	75.86
gang1266	Gangte	Sino-Tibetan	Eurasia	184	174	132	75.86
gese1240	Geser-Gorom	Austronesian	Papunesia	69	62	47	75.81
ship1254	Shipibo-Conibo	Pano-Tacanan	South America	162	157	119	75.8
kara1499	Kalamang	West Bomberai	Papunesia	99	99	75	75.76
guiq1238	Guiqiong	Sino-Tibetan	Eurasia	177	169	128	75.74
gily1242	Amur Nivkh	Nivkh	Eurasia	183	173	131	75.72
akun1241	Akuntsu	Tupian	South America	174	168	127	75.6
galo1242	Galo	Sino-Tibetan	Eurasia	179	168	127	75.6
siyi1240	Sizang Chin	Sino-Tibetan	Eurasia	134	127	96	75.59
raut1239	Raute	Sino-Tibetan	Eurasia	133	131	99	75.57
noct1238	Nocte Naga	Sino-Tibetan	Eurasia	195	184	139	75.54
obok1239	Obokuitai	Lakes Plain	Papunesia	157	155	117	75.48
belh1239	Belhariya	Sino-Tibetan	Eurasia	166	159	120	75.47
dumi1241	Dumi	Sino-Tibetan	Eurasia	166	159	120	75.47
kara1476	Karadjeri	Pama-Nyungan	Australia	67	65	49	75.38
yawa1260	Yawanawa	Pano-Tacanan	South America	148	146	110	75.34
namu1246	Namuyi	Sino-Tibetan	Eurasia	173	162	122	75.31
thur1254	Thurawal	Pama-Nyungan	Australia	86	85	64	75.29
kham1282	Khams Tibetan	Sino-Tibetan	Eurasia	184	178	134	75.28
maru1252	Marúbo	Pano-Tacanan	South America	126	121	91	75.21
avac1239	Avá-Canoeiro	Tupian	South America	153	145	109	75.17
khal1275	Khaling	Sino-Tibetan	Eurasia	168	161	121	75.16
siri1273	Sirionó	Tupian	South America	169	161	121	75.16
cuaa1241	Cua	Austroasiatic	Eurasia	8	8	6	75
daur1238	Dagur	Mongolic-Khitan	Eurasia	149	140	105	75
ersu1241	Ersu	Sino-Tibetan	Eurasia	195	184	138	75
gung1248	Gungabula	Pama-Nyungan	Australia	44	44	33	75
kork1243	Korku	Austroasiatic	Eurasia	133	128	96	75
pare1266	Gorum-Parenga	Austroasiatic	Eurasia	146	140	105	75
tain1254	Taino	Arawakan	North America	4	4	3	75
walm1241	Walmajarri	Pama-Nyungan	Australia	57	56	42	75
yaey1239	Yaeyama	Japonic	Eurasia	155	148	111	75
kore1280	Korean	Koreanic	Eurasia	185	175	131	74.86
athp1241	Athpariya	Sino-Tibetan	Eurasia	182	171	128	74.85
khez1235	Khezha Naga	Sino-Tibetan	Eurasia	172	163	122	74.85
okin1246	Oki-No-Erabu	Japonic	Eurasia	161	155	116	74.84
pana1307	Panará	Nuclear-Macro-Je	South America	156	151	113	74.83
japh1234	Japhug	Sino-Tibetan	Eurasia	185	174	130	74.71
kach1280	Southern Jinghpaw	Sino-Tibetan	Eurasia	172	166	124	74.7
embe1260	Emberá-Catío	Chocoan	South America	164	154	115	74.68
yona1241	Yonaguni	Japonic	Eurasia	164	154	115	74.68
bian1252	Biangai	Goilalan	Papunesia	155	150	112	74.67
isco1239	Isconahua	Pano-Tacanan	South America	192	181	135	74.59
ayac1239	Ayacucho Quechua	Quechuan	South America	166	165	123	74.55
kren1239	Krenak	Nuclear-Macro-Je	South America	111	110	82	74.55
nkor1239	Nkoroo	Ijoid	Africa	54	51	38	74.51
bamb1262	Bambassi	Blue Nile Mao	Africa	99	94	70	74.47
pech1241	Pech	Chibchan	North America	144	137	102	74.45
coco1260	Cocos Islands Malay	Austronesian	Papunesia	88	86	64	74.42
gure1255	Gureng Gureng	Pama-Nyungan	Australia	133	129	96	74.42
arik1265	Arikapú	Nuclear-Macro-Je	South America	79	78	58	74.36
teri1250	Teribe	Chibchan	North America	165	156	116	74.36
bona1250	Bonan	Mongolic-Khitan	Eurasia	171	163	121	74.23
bugu1246	Bugun	Sino-Tibetan	Eurasia	101	97	72	74.23
bahi1252	Bahing	Sino-Tibetan	Eurasia	161	159	118	74.21
mbya1239	Mbyá Guaraní	Tupian	South America	161	159	118	74.21
melp1238	Melpa	Nuclear Trans New Guinea	Papunesia	166	159	118	74.21
west2615	Western Apache	Athabaskan-Eyak-Tlingit	North America	164	159	118	74.21
niha1238	Nihali		Eurasia	164	155	115	74.19
koir1240	Koireng	Sino-Tibetan	Eurasia	155	151	112	74.17
abad1241	Abadi	Austronesian	Papunesia	118	116	86	74.14
bujh1238	Bujhyal	Sino-Tibetan	Eurasia	179	174	129	74.14
bant1281	Bantawa	Sino-Tibetan	Eurasia	181	170	126	74.12
rian1263	Riantana	Kolopom	Papunesia	112	112	83	74.11
iray1237	Iraya	Austronesian	Papunesia	113	108	80	74.07
mara1379	Maram Naga	Sino-Tibetan	Eurasia	167	158	117	74.05
afar1241	Afar	Afro-Asiatic	Africa	188	177	131	74.01
east2516	East Kewa	Nuclear Trans New Guinea	Papunesia	179	173	128	73.99
umot1240	Umotína	Bororoan	South America	73	73	54	73.97
kima1246	Kimaama	Kolopom	Papunesia	92	92	68	73.91
mana1288	Manange	Sino-Tibetan	Eurasia	191	180	133	73.89
phom1236	Phom Naga	Sino-Tibetan	Eurasia	158	153	113	73.86
kuik1246	Kuikúro-Kalapálo	Cariban	South America	176	168	124	73.81
baik1238	Baikeno	Austronesian	Papunesia	103	103	76	73.79
amri1238	Amri Karbi	Sino-Tibetan	Eurasia	150	141	104	73.76
puri1258	Purik-Sham-Nubra	Sino-Tibetan	Eurasia	189	179	132	73.74
kask1239	Kaska	Athabaskan-Eyak-Tlingit	North America	137	133	98	73.68
lipo1242	Lipo	Sino-Tibetan	Eurasia	192	182	134	73.63
nort2722	Northern Qiang	Sino-Tibetan	Eurasia	187	178	131	73.6
sich1238	Sichuan Yi	Sino-Tibetan	Eurasia	189	178	131	73.6
cogu1240	Cogui	Chibchan	South America	141	136	100	73.53
yamp1242	Yamphu	Sino-Tibetan	Eurasia	140	136	100	73.53
yakk1236	Yakkha	Sino-Tibetan	Eurasia	160	151	111	73.51
hual1241	Huallaga Huánuco Quechua	Quechuan	South America	191	181	133	73.48
meke1243	Mekeo	Austronesian	Papunesia	192	181	133	73.48
teun1241	Te'un	Austronesian	Papunesia	53	49	36	73.47
chas1234	Chashan	Sino-Tibetan	Eurasia	169	162	119	73.46
urak1238	Urak Lawoi'	Austronesian	Eurasia	167	162	119	73.46
basq1248	Basque		Eurasia	188	177	130	73.45
sout2729	Southern Pumi	Sino-Tibetan	Eurasia	186	177	130	73.45
chhi1245	Chintang	Sino-Tibetan	Eurasia	150	143	105	73.43
susu1250	Susu	Mande	Africa	96	94	69	73.4
mota1237	Mota	Austronesian	Papunesia	107	105	77	73.33
nina1238	Ninam	Yanomamic	South America	61	60	44	73.33
fran1266	Francisco León Zoque	Mixe-Zoque	North America	161	157	115	73.25
alba1269	Inland-Buhi-Daraga Bikol	Austronesian	Papunesia	128	127	93	73.23
yora1241	Yora	Pano-Tacanan	South America	129	127	93	73.23
mari1416	Maring Naga	Sino-Tibetan	Eurasia	159	153	112	73.2
cata1286	Catawba	Siouan	North America	125	123	90	73.17
mpii1239	Mpi	Sino-Tibetan	Eurasia	174	164	120	73.17
siaw1243	Siawi	Amto-Musan	Papunesia	123	123	90	73.17
situ1238	Situ	Sino-Tibetan	Eurasia	185	175	128	73.14
fala1243	Falam Chin	Sino-Tibetan	Eurasia	143	134	98	73.13
sang1321	Sangtam Naga	Sino-Tibetan	Eurasia	140	134	98	73.13
nezp1238	Nez Perce	Sahaptian	North America	176	171	125	73.1
baim1244	Baima	Sino-Tibetan	Eurasia	193	182	133	73.08
yama1264	Yámana		South America	136	130	95	73.08
lahu1253	Lahu	Sino-Tibetan	Eurasia	175	167	122	73.05
kaba1278	Kabardian	Abkhaz-Adyge	Eurasia	174	163	119	73.01
tsha1245	Tshangla	Sino-Tibetan	Eurasia	171	163	119	73.01
bara1370	Baram Kayan	Austronesian	Papunesia	143	137	100	72.99
coch1272	Cochimi	Cochimi-Yuman	North America	89	85	62	72.94
mari1440	Maricopa	Cochimi-Yuman	North America	175	170	124	72.94
nort2723	Northern Pumi	Sino-Tibetan	Eurasia	177	170	124	72.94
boka1249	Bokar-Ramo	Sino-Tibetan	Eurasia	151	144	105	72.92
fass1245	Momu-Fas	Baibai-Fas	Papunesia	144	144	105	72.92
hooo1248	Ho	Austroasiatic	Eurasia	149	144	105	72.92
wand1267	Wandamen	Austronesian	Papunesia	157	151	110	72.85
nort2724	Northern Bai	Sino-Tibetan	Eurasia	116	114	83	72.81
nusu1239	Nusu	Sino-Tibetan	Eurasia	151	147	107	72.79
pagu1249	Pagu	North Halmahera	Papunesia	153	147	107	72.79
chep1245	Chepang	Sino-Tibetan	Eurasia	163	158	115	72.78
maru1249	Maru	Sino-Tibetan	Eurasia	191	180	131	72.78
tomm1242	Tommo So Dogon	Dogon	Africa	167	158	115	72.78
bera1262	Berau Malay	Austronesian	Papunesia	11	11	8	72.73
monn1252	Mon	Austroasiatic	Eurasia	91	88	64	72.73
siku1242	Sikule	Austronesian	Papunesia	140	132	96	72.73
weda1241	Wedau	Austronesian	Papunesia	115	110	80	72.73
crow1244	Crow	Siouan	North America	192	183	133	72.68
wola1242	Wolaytta	Ta-Ne-Omotic	Africa	193	183	133	72.68
anga1288	Angami Naga	Sino-Tibetan	Eurasia	180	172	125	72.67
dyul1238	Dyula	Mande	Africa	157	150	109	72.67
coah1252	Coahuilteco		North America	129	128	93	72.66
chim1302	Bolivar-North Chimborazo Highland Quichua	Quechuan	South America	176	168	122	72.62
nucl1593	Kwomtari	Kwomtari-Nai	Papunesia	175	168	122	72.62
amas1236	Ama (Sudan)	Nyimang	Africa	166	157	114	72.61
lotu1250	Lotud	Austronesian	Papunesia	132	124	90	72.58
chan1313	Chang Naga	Sino-Tibetan	Eurasia	170	164	119	72.56
nung1282	Nung (Myanmar)	Sino-Tibetan	Eurasia	170	164	119	72.56
akha1245	Akha	Sino-Tibetan	Eurasia	159	153	111	72.55
bamb1269	Bambara	Mande	Africa	104	102	74	72.55
nati1243	Natioro	Atlantic-Congo	Africa	51	51	37	72.55
para1302	Para Naga	Sino-Tibetan	Eurasia	157	153	111	72.55
sani1269	Sani	Sino-Tibetan	Eurasia	168	160	116	72.5
tara1313	Tarao	Sino-Tibetan	Eurasia	166	160	116	72.5
ainu1240	Hokkaido Ainu	Ainu	Eurasia	176	167	121	72.46
dara1250	Darai	Indo-European	Eurasia	178	167	121	72.46
guru1261	Gurung	Sino-Tibetan	Eurasia	174	167	121	72.46
waro1242	Waropen	Austronesian	Papunesia	137	127	92	72.44
adan1251	Adang	Timor-Alor-Pantar	Papunesia	184	174	126	72.41
avok1242	Avokaya	Central Sudanic	Africa	122	116	84	72.41
chug1252	Duhumbi	Sino-Tibetan	Eurasia	184	174	126	72.41
gbay1278	Gbayi	Atlantic-Congo	Africa	58	58	42	72.41
peer1241	Peere	Atlantic-Congo	Africa	147	145	105	72.41
daza1242	Dazaga	Saharan	Africa	180	170	123	72.35
abkh1244	Abkhaz	Abkhaz-Adyge	Eurasia	188	177	128	72.32
dual1243	Duala	Atlantic-Congo	Africa	138	130	94	72.31
pela1242	Pela	Sino-Tibetan	Eurasia	194	184	133	72.28
hula1239	Hula	Austronesian	Papunesia	164	155	112	72.26
tupi1273	Tupinambá	Tupian	South America	163	155	112	72.26
ngal1292	Ngalkbun	Gunwinyguan	Australia	188	180	130	72.22
tonk1249	Tonkawa		North America	156	151	109	72.19
high1276	Highland Popoluca	Mixe-Zoque	North America	186	176	127	72.16
ward1246	Wardaman	Yangmanic	Australia	164	158	114	72.15
trum1247	Trumai		South America	172	165	119	72.12
motu1246	Motu	Austronesian	Papunesia	160	154	111	72.08
zeme1240	Zeme Naga	Sino-Tibetan	Eurasia	163	154	111	72.08
bent1238	Ben Tey Dogon	Dogon	Africa	170	161	116	72.05
capa1241	Capanahua	Pano-Tacanan	South America	171	161	116	72.05
khar1288	Kharam Naga	Sino-Tibetan	Eurasia	173	168	121	72.02
cald1236	Calderón Highland Quichua	Quechuan	South America	155	150	108	72
yami1256	Yaminahua	Pano-Tacanan	South America	182	175	126	72
wuch1236	Wu Chinese	Sino-Tibetan	Eurasia	192	182	131	71.98
humb1243	Humburi Senni Songhay	Songhay	Africa	167	157	113	71.97
mala1463	Malavedan	Dravidian	Eurasia	163	157	113	71.97
kung1259	Kungarakany		Australia	82	82	59	71.95
thul1246	Thulung	Sino-Tibetan	Eurasia	175	164	118	71.95
foii1241	Foi	East Kutubu	Papunesia	118	114	82	71.93
gugu1253	Gugu Badhun	Pama-Nyungan	Australia	151	146	105	71.92
tuvi1240	Tuvinian	Turkic	Eurasia	154	146	105	71.92
garo1247	Garo	Sino-Tibetan	Eurasia	164	153	110	71.9
lave1249	Brao	Austroasiatic	Eurasia	122	121	87	71.9
beli1257	Beli (South Sudan)	Central Sudanic	Africa	133	128	92	71.88
amdo1237	Amdo Tibetan	Sino-Tibetan	Eurasia	177	167	120	71.86
pawa1255	Pawaia		Papunesia	110	110	79	71.82
pana1305	Panamint	Uto-Aztecan	North America	41	39	28	71.79
buka1257	Bukar-Sadung Bidayuh	Austronesian	Papunesia	132	124	89	71.77
aime1238	Aimele	Bosavi	Papunesia	177	170	122	71.76
ango1257	Angosturas Tunebo	Chibchan	South America	136	131	94	71.76
sout2996	Southern Aymara	Aymaran	South America	186	177	127	71.75
abun1252	Abun		Papunesia	195	184	132	71.74
wutu1241	Wutunhua	Sino-Tibetan	Eurasia	195	184	132	71.74
achu1247	Achumawi	Palaihnihan	North America	106	99	71	71.72
atak1252	Atakapa		North America	149	145	104	71.72
lahu1252	Lahu Shi	Sino-Tibetan	Eurasia	152	145	104	71.72
sant1410	Santali	Austroasiatic	Eurasia	155	145	104	71.72
honi1244	Honi	Sino-Tibetan	Eurasia	165	159	114	71.7
kusu1250	Kusunda		Eurasia	173	166	119	71.69
nort2930	Northeast Kiwai	Kiwaian	Papunesia	173	166	119	71.69
wayu1241	Wayu	Sino-Tibetan	Eurasia	183	173	124	71.68
siam1242	Siamou		Africa	134	127	91	71.65
azha1235	Azha	Sino-Tibetan	Eurasia	151	141	101	71.63
lusi1240	Lusi	Austronesian	Papunesia	144	141	101	71.63
arhu1242	Arhuaco	Chibchan	South America	156	148	106	71.62
pano1255	Panobo	Pano-Tacanan	South America	163	155	111	71.61
moke1242	Moken	Austronesian	Eurasia	171	162	116	71.6
moyo1238	Moyon	Sino-Tibetan	Eurasia	167	162	116	71.6
tega1236	Tegali	Rashad	Africa	82	81	58	71.6
chac1249	Cha'palaa	Barbacoan	South America	91	88	63	71.59
arao1248	Araona	Pano-Tacanan	South America	193	183	131	71.58
shol1240	Sholaga	Dravidian	Eurasia	172	165	118	71.52
east2342	Eastern Kayah	Sino-Tibetan	Eurasia	189	179	128	71.51
east2555	Eastern Bolivian Guaraní	Tupian	South America	182	172	123	71.51
boun1245	Bo-Ung	Nuclear Trans New Guinea	Papunesia	145	140	100	71.43
hava1248	Havasupai-Walapai-Yavapai	Cochimi-Yuman	North America	165	161	115	71.43
miju1243	Kman	Sino-Tibetan	Eurasia	192	182	130	71.43
nama1266	Nama (Papua New Guinea)	Yam	Papunesia	56	56	40	71.43
nort2954	Northern Paiute	Uto-Aztecan	North America	184	175	125	71.43
oriy1255	Odia	Indo-European	Eurasia	193	182	130	71.43
sout2895	South Nuaulu	Austronesian	Papunesia	158	154	110	71.43
teda1241	Tedaga	Saharan	Africa	160	154	110	71.43
toto1302	Toto	Sino-Tibetan	Eurasia	155	154	110	71.43
yukp1241	Yukpa	Cariban	South America	106	105	75	71.43
chol1284	Cholón	Hibito-Cholon	South America	181	171	122	71.35
dima1251	Dimasa	Sino-Tibetan	Eurasia	187	178	127	71.35
zarm1239	Zarma	Songhay	Africa	189	178	127	71.35
agua1253	Aguaruna	Chicham	South America	170	164	117	71.34
iliu1237	Ili'uun	Austronesian	Papunesia	168	164	117	71.34
kalm1243	Oirad-Kalmyk-Darkhat	Mongolic-Khitan	Eurasia	165	157	112	71.34
orok1269	Orokaiva	Nuclear Trans New Guinea	Papunesia	171	164	117	71.34
weri1253	Weri	Goilalan	Papunesia	165	157	112	71.34
timu1262	Timugon Murut	Austronesian	Papunesia	153	150	107	71.33
yong1270	Narua	Sino-Tibetan	Eurasia	160	150	107	71.33
keng1240	Kenga	Central Sudanic	Africa	124	122	87	71.31
tang1336	East-Central Tangkhul Naga	Sino-Tibetan	Eurasia	170	167	119	71.26
maia1254	Maia	Nuclear Trans New Guinea	Papunesia	80	80	57	71.25
pano1254	Panoan Katukína	Pano-Tacanan	South America	132	132	94	71.21
bada1257	Badaga	Dravidian	Eurasia	127	125	89	71.2
west2418	Western Magar	Sino-Tibetan	Eurasia	195	184	131	71.2
assi1247	Assiniboine	Siouan	North America	185	177	126	71.19
hurr1240	Hurrian	Hurro-Urartian	Eurasia	125	118	84	71.19
lash1243	Lashi	Sino-Tibetan	Eurasia	188	177	126	71.19
logo1259	Logo	Central Sudanic	Africa	172	170	121	71.18
wiru1244	Wiru		Papunesia	180	170	121	71.18
kulu1253	Kulung (Nepal)	Sino-Tibetan	Eurasia	168	163	116	71.17
sunw1242	Sunwar	Sino-Tibetan	Eurasia	174	163	116	71.17
mono1275	Mono (USA)	Uto-Aztecan	North America	161	156	111	71.15
kuku1280	Kuku-Uwanh	Pama-Nyungan	Australia	155	149	106	71.14
lele1267	Lelepa	Austronesian	Papunesia	149	142	101	71.13
nyis1236	Nyishi-Hill Miri	Sino-Tibetan	Eurasia	146	142	101	71.13
misi1243	Misima-Paneati	Austronesian	Papunesia	144	135	96	71.11
nyaw1247	Nyawaygi	Pama-Nyungan	Australia	93	90	64	71.11
chil1280	Chilcotin-Nicola	Athabaskan-Eyak-Tlingit	North America	183	173	123	71.1
coma1245	Comanche	Uto-Aztecan	North America	182	173	123	71.1
lepc1244	Lepcha	Sino-Tibetan	Eurasia	176	166	118	71.08
mamb1294	Mambai	Atlantic-Congo	Africa	168	166	118	71.08
basa1282	Basa (Nigeria)	Atlantic-Congo	Africa	115	114	81	71.05
dyir1250	Dyirbal	Pama-Nyungan	Australia	78	76	54	71.05
achu1248	Achuar-Shiwiar	Chicham	South America	183	176	125	71.02
hani1248	Hani	Sino-Tibetan	Eurasia	186	176	125	71.02
vinm1237	Neve'ei	Austronesian	Papunesia	143	138	98	71.01
cacu1241	Kakua	Kakua-Nukak	South America	168	162	115	70.99
nend1239	Nend	Nuclear Trans New Guinea	Papunesia	169	162	115	70.99
tene1248	Tengou-Togo Dogon	Dogon	Africa	163	155	110	70.97
sapu1248	Sapuan	Austroasiatic	Eurasia	152	148	105	70.95
loma1260	Loma (Liberia)	Mande	Africa	90	86	61	70.93
kala1400	Central Kalapuya	Kalapuyan	North America	139	134	95	70.9
ngeq1245	Kriang-Khlor	Austroasiatic	Eurasia	134	134	95	70.9
nort2951	Northwest Maidu	Maiduan	North America	142	134	95	70.9
biao1254	Biao-Jiao Mien	Hmong-Mien	Eurasia	191	182	129	70.88
chip1261	Chipewyan	Athabaskan-Eyak-Tlingit	North America	193	182	129	70.88
kado1242	Kado	Sino-Tibetan	Eurasia	184	175	124	70.86
kimm1245	Kim Mun	Hmong-Mien	Eurasia	188	178	126	70.79
nort2994	Northern Roglai	Austronesian	Eurasia	90	89	63	70.79
nort2952	Northeast Maidu	Maiduan	North America	161	154	109	70.78
shee1238	She	Hmong-Mien	Eurasia	162	154	109	70.78
saba1267	Sabah Bisaya	Austronesian	Papunesia	137	130	92	70.77
wara1292	Samue	Atlantic-Congo	Africa	65	65	46	70.77
yank1247	Yankunytjatjara	Pama-Nyungan	Australia	135	130	92	70.77
chot1239	Chothe	Sino-Tibetan	Eurasia	176	171	121	70.76
than1259	Thangmi	Sino-Tibetan	Eurasia	177	171	121	70.76
imba1240	Imbabura Highland Quichua	Quechuan	South America	192	181	128	70.72
nort2972	Northern Emberá	Chocoan	South America	167	157	111	70.7
boru1252	Boruca	Chibchan	North America	117	116	82	70.69
jamb1236	Jambi Malay	Austronesian	Papunesia	181	174	123	70.69
reye1240	Reyesano	Pano-Tacanan	South America	139	133	94	70.68
defa1248	Defaka	Ijoid	Africa	75	75	53	70.67
yind1248	Yindjilandji	Pama-Nyungan	Australia	75	75	53	70.67
rabh1238	Rabha	Sino-Tibetan	Eurasia	177	167	118	70.66
shan1283	Shanenawa	Pano-Tacanan	South America	171	167	118	70.66
fait1240	Kulsab	Nuclear Trans New Guinea	Papunesia	126	126	89	70.63
tugu1245	Tugun	Austronesian	Papunesia	168	160	113	70.62
waim1251	Waima	Austronesian	Papunesia	186	177	125	70.62
labu1249	Labuk-Kinabatangan Kadazan	Austronesian	Papunesia	104	102	72	70.59
buga1247	Bugan	Austroasiatic	Eurasia	190	180	127	70.56
choc1276	Choctaw	Muskogean	North America	190	180	127	70.56
amar1274	Amarakaeri	Harakmbut	South America	154	146	103	70.55
iran1262	Iranun	Austronesian	Papunesia	138	129	91	70.54
tuni1252	Tunica		North America	162	156	110	70.51
etru1241	Etruscan		Eurasia	130	122	86	70.49
maga1263	Mag-Anchi Ayta	Austronesian	Papunesia	61	61	43	70.49
bara1357	Baraamu	Sino-Tibetan	Eurasia	171	166	117	70.48
kani1286	Kanite	Nuclear Trans New Guinea	Papunesia	149	149	105	70.47
even1260	Even	Tungusic	Eurasia	141	132	93	70.45
sril1245	Sri Lanka Malay	Austronesian	Eurasia	185	176	124	70.45
qawa1238	Qawasqar	Kawesqar	South America	164	159	112	70.44
araw1273	Araweté	Tupian	South America	148	142	100	70.42
rung1258	Runga	Maban	Africa	178	169	119	70.41
xish1235	Xishanba Lalo	Sino-Tibetan	Eurasia	174	169	119	70.41
biao1256	Biao Mon	Hmong-Mien	Eurasia	189	179	126	70.39
jalk1242	Jalkunan	Mande	Africa	172	162	114	70.37
maba1277	Maba (Chad)	Maban	Africa	172	162	114	70.37
west2415	Western Tamang	Sino-Tibetan	Eurasia	170	162	114	70.37
mokl1243	Moklen	Austronesian	Eurasia	181	172	121	70.35
amis1246	Amis	Austronesian	Papunesia	151	145	102	70.34
shua1257	Shuar	Chicham	South America	147	145	102	70.34
tumu1242	Tumulung Sisaala	Atlantic-Congo	Africa	95	91	64	70.33
leco1242	Leco		South America	162	155	109	70.32
cusc1236	Cusco Quechua	Quechuan	South America	167	165	116	70.3
axiy1235	Axi Yi	Sino-Tibetan	Eurasia	166	158	111	70.25
rong1266	Rongmei Naga	Sino-Tibetan	Eurasia	161	158	111	70.25
telu1262	Telugu	Dravidian	Eurasia	127	121	85	70.25
idun1242	Iduna	Austronesian	Papunesia	179	168	118	70.24
ndob1238	Ndobo	Atlantic-Congo	Africa	85	84	59	70.24
kona1242	Konai	East Strickland	Papunesia	188	178	125	70.22
hupd1244	Hup	Naduhup	South America	160	151	106	70.2
apat1240	Apatani	Sino-Tibetan	Eurasia	170	161	113	70.19
awad1244	Awad Bing	Austronesian	Papunesia	162	161	113	70.19
minh1238	Mangghuer	Mongolic-Khitan	Eurasia	181	171	120	70.18
akab1249	Akabea	Great Andamanese	Eurasia	192	181	127	70.17
baba1267	Baba Malay	Austronesian	Eurasia	191	181	127	70.17
nort2732	Northern Tujia	Sino-Tibetan	Eurasia	190	181	127	70.17
sing1264	Northern Jinghpaw	Sino-Tibetan	Eurasia	192	181	127	70.17
yaku1245	Sakha	Turkic	Eurasia	190	181	127	70.17
nyig1240	Nyigina	Nyulnyulan	Australia	128	124	87	70.16
kosa1249	Kosarek Yale	Nuclear Trans New Guinea	Papunesia	169	164	115	70.12
mari1426	Sunwadia	Austronesian	Papunesia	167	164	115	70.12
saba1268	Sabanê	Nambiquaran	South America	169	164	115	70.12
aton1241	Atong (India)	Sino-Tibetan	Eurasia	194	184	129	70.11
male1284	Male (Ethiopia)	Ta-Ne-Omotic	Africa	182	174	122	70.11
nucl1301	Turkish	Turkic	Eurasia	195	184	129	70.11
rong1264	Rongpo	Sino-Tibetan	Eurasia	185	174	122	70.11
yawu1244	Yawuru	Nyulnyulan	Australia	185	174	122	70.11
tami1290	Tami	Austronesian	Papunesia	120	117	82	70.09
wikm1247	Wik-Mungkan	Pama-Nyungan	Australia	134	127	89	70.08
russ1264	Russia Buriat	Mongolic-Khitan	Eurasia	175	167	117	70.06
arab1267	Arabana	Pama-Nyungan	Australia	62	60	42	70
biat1246	Biatah Bidayuh	Austronesian	Papunesia	137	130	91	70
gaaa1244	Ga	Atlantic-Congo	Africa	133	130	91	70
gaam1241	Gaam	Eastern Jebel	Africa	83	80	56	70
gata1239	Gata'	Austroasiatic	Eurasia	156	150	105	70
juan1238	Juang	Austroasiatic	Eurasia	150	140	98	70
nort2864	Wemale	Austronesian	Papunesia	76	70	49	70
west2538	West Tarangan	Austronesian	Papunesia	54	50	35	70
yala1262	Yalarnnga	Pama-Nyungan	Australia	157	150	105	70
matu1261	Matukar	Austronesian	Papunesia	194	183	128	69.95
tibe1272	Tibetan	Sino-Tibetan	Eurasia	194	183	128	69.95
auye1238	Auye	Nuclear Trans New Guinea	Papunesia	179	173	121	69.94
gamo1243	Gamo	Ta-Ne-Omotic	Africa	183	173	121	69.94
bash1264	Bashkir	Turkic	Eurasia	161	153	107	69.93
kurr1243	Kurrama	Pama-Nyungan	Australia	161	153	107	69.93
misk1235	Mískito	Misumalpan	North America	162	153	107	69.93
morm1235	Mor (Mor Islands)	Austronesian	Papunesia	148	143	100	69.93
west2397	Western Bru	Austroasiatic	Eurasia	157	153	107	69.93
cree1270	Creek	Muskogean	North America	185	176	123	69.89
halh1238	Halh Mongolian	Mongolic-Khitan	Eurasia	185	176	123	69.89
nava1243	Navajo	Athabaskan-Eyak-Tlingit	North America	185	176	123	69.89
luan1263	Luang	Austronesian	Papunesia	173	166	116	69.88
urni1239	Urningangg	Giimbiyu	Australia	157	156	109	69.87
bina1277	Binandere	Nuclear Trans New Guinea	Papunesia	150	146	102	69.86
tang1334	Tangut	Sino-Tibetan	Eurasia	151	146	102	69.86
rama1270	Rama	Chibchan	North America	145	136	95	69.85
east2773	Eastern Newari	Sino-Tibetan	Eurasia	190	179	125	69.83
koor1239	Koorete	Ta-Ne-Omotic	Africa	175	169	118	69.82
natc1249	Natchez		North America	108	106	74	69.81
bong1289	Bonggi	Austronesian	Papunesia	150	149	104	69.8
lend1245	Lendu	Central Sudanic	Africa	159	149	104	69.8
daas1238	Daasanach	Afro-Asiatic	Africa	191	182	127	69.78
abau1245	Abau	Sepik	Papunesia	88	86	60	69.77
sobe1238	Sobei	Austronesian	Papunesia	130	129	90	69.77
west2560	West Coast Bajau	Austronesian	Papunesia	179	172	120	69.77
fasu1242	Fasu		Papunesia	120	119	83	69.75
negi1245	Negidal	Tungusic	Eurasia	160	152	106	69.74
west2618	Western Canadian Inuktitut	Eskimo-Aleut	North America	116	109	76	69.72
mail1248	Mailu	Mailuan	Papunesia	185	175	122	69.71
awtu1239	Awtuw	Sepik	Papunesia	138	132	92	69.7
bodo1267	Bodo Gadaba	Austroasiatic	Eurasia	141	132	92	69.7
mamv1243	Mamvu	Central Sudanic	Africa	136	132	92	69.7
woiw1237	Woiwurrung-Thagungwurrung	Pama-Nyungan	Australia	99	99	69	69.7
kari1311	Karitiâna	Tupian	South America	160	155	108	69.68
ulwa1239	Ulwa	Misumalpan	North America	165	155	108	69.68
mill1237	Millcayac	Huarpean	South America	122	122	85	69.67
chic1270	Chickasaw	Muskogean	North America	150	145	101	69.66
iban1264	Iban	Austronesian	Papunesia	188	178	124	69.66
kile1243	Kilen	Tungusic	Eurasia	188	178	124	69.66
mpur1239	Mpur		Papunesia	185	178	124	69.66
lemb1266	Lembena	Nuclear Trans New Guinea	Papunesia	175	168	117	69.64
sanb1242	San Blas Kuna	Chibchan	South America	165	158	110	69.62
tong1329	Tongva	Uto-Aztecan	North America	162	158	110	69.62
nara1262	Nara		Africa	132	125	87	69.6
nkon1248	Nkonya	Atlantic-Congo	Africa	128	125	87	69.6
crim1257	Crimean Tatar	Turkic	Eurasia	179	171	119	69.59
khak1248	Khakas	Turkic	Eurasia	170	161	112	69.57
mand1415	Mandarin Chinese	Sino-Tibetan	Eurasia	195	184	128	69.57
tiru1241	Tiruray	Austronesian	Papunesia	145	138	96	69.57
tolo1255	Tolomako	Austronesian	Papunesia	120	115	80	69.57
utes1238	Ute-Southern Paiute	Uto-Aztecan	North America	184	174	121	69.54
molo1266	Moloko	Afro-Asiatic	Africa	109	105	73	69.52
naru1238	Narungga	Pama-Nyungan	Australia	106	105	73	69.52
chra1242	Chrau	Austroasiatic	Eurasia	166	164	114	69.51
hala1252	Halang	Austroasiatic	Eurasia	82	82	57	69.51
blan1242	Blang	Austroasiatic	Eurasia	159	154	107	69.48
coos1249	Hanis	Coosan	North America	176	167	116	69.46
shor1247	Shor	Turkic	Eurasia	175	167	116	69.46
wage1238	Wageman		Australia	175	167	116	69.46
brah1256	Brahui	Dravidian	Eurasia	151	144	100	69.44
buwa1243	Buwal	Afro-Asiatic	Africa	191	180	125	69.44
bwai1242	Bwaidoka	Austronesian	Papunesia	153	144	100	69.44
east2545	Eastern Pomo	Pomoan	North America	163	157	109	69.43
temi1246	Temiar	Austroasiatic	Eurasia	167	157	109	69.43
wudi1238	Wuding-Luquan Yi	Sino-Tibetan	Eurasia	164	157	109	69.43
keri1250	Kerinci	Austronesian	Papunesia	127	121	84	69.42
mani1235	Sougb	East Bird's Head	Papunesia	122	121	84	69.42
bari1286	Bariai	Austronesian	Papunesia	176	170	118	69.41
kiow1266	Kiowa	Kiowa-Tanoan	North America	177	170	118	69.41
mala1481	Manado Malay	Austronesian	Papunesia	178	170	118	69.41
cosa1234	Cosao	Sino-Tibetan	Eurasia	194	183	127	69.4
nort2747	Northern Qiandong Miao	Hmong-Mien	Eurasia	194	183	127	69.4
ekar1243	Ekari	Nuclear Trans New Guinea	Papunesia	151	147	102	69.39
koyr1240	Koyra Chiini Songhay	Songhay	Africa	169	160	111	69.38
kupa1239	Kupang Malay	Austronesian	Papunesia	168	160	111	69.38
lara1260	Larantuka Malay	Austronesian	Papunesia	169	160	111	69.38
ruma1248	Rumai Palaung	Austroasiatic	Eurasia	182	173	120	69.36
sara1340	Saramaccan	Indo-European	South America	183	173	120	69.36
saki1248	Mekens	Tupian	South America	139	137	95	69.34
sanm1289	San Martín Quechua	Quechuan	South America	171	163	113	69.33
tema1239	Temascaltepec Nahuatl	Uto-Aztecan	North America	75	75	52	69.33
toar1246	Toaripi	Eleman	Papunesia	186	176	122	69.32
yaki1237	Northwest Sahaptin	Sahaptian	North America	187	176	122	69.32
guam1248	Guambiano	Barbacoan	South America	127	127	88	69.29
ugon1239	Ugong	Sino-Tibetan	Eurasia	133	127	88	69.29
amam1246	Amam	Goilalan	Papunesia	175	169	117	69.23
asoa1238	Asoa	Central Sudanic	Africa	94	91	63	69.23
awab1243	Awabakal	Pama-Nyungan	Australia	67	65	45	69.23
buhu1237	Buhutu	Austronesian	Papunesia	134	130	90	69.23
enuu1235	Enu	Sino-Tibetan	Eurasia	193	182	126	69.23
orok1265	Orok	Tungusic	Eurasia	151	143	99	69.23
sais1237	Saisiyat	Austronesian	Papunesia	188	182	126	69.23
tang1373	Tangwang	Sino-Tibetan	Eurasia	150	143	99	69.23
thak1245	Thakali	Sino-Tibetan	Eurasia	193	182	126	69.23
tomb1244	Tombonuo	Austronesian	Papunesia	136	130	90	69.23
mala1479	Colloquial Malay	Austronesian	Eurasia	153	146	101	69.18
ping1243	Pingelapese	Austronesian	Papunesia	152	146	101	69.18
sgaw1245	S'gaw Karen	Sino-Tibetan	Eurasia	161	159	110	69.18
aeky1238	Aekyom	Kamula-Elevala	Papunesia	120	120	83	69.17
urim1252	Urim	Nuclear Torricelli	Papunesia	185	175	121	69.14
muth1236	Muthuvan	Dravidian	Eurasia	143	136	94	69.12
esee1248	Ese Ejja	Pano-Tacanan	South America	189	178	123	69.1
mono1273	Mono-Alu	Austronesian	Papunesia	111	110	76	69.09
bord1248	Border Kuna	Chibchan	South America	162	152	105	69.08
kara1487	Karao	Austronesian	Papunesia	160	152	105	69.08
enap1235	Panare	Cariban	South America	146	139	96	69.06
marg1253	Margany	Pama-Nyungan	Australia	144	139	96	69.06
leti1246	Leti (Indonesia)	Austronesian	Papunesia	172	168	116	69.05
pint1250	Pintupi-Luritja	Pama-Nyungan	Australia	130	126	87	69.05
twan1247	Twana	Salishan	North America	87	84	58	69.05
guan1269	Kotiria	Tucanoan	South America	157	155	107	69.03
klam1254	Klamath-Modoc		North America	164	155	107	69.03
mele1250	Mele-Fila	Austronesian	Papunesia	115	113	78	69.03
chuk1273	Chukchi	Chukotko-Kamchatkan	Eurasia	195	184	127	69.02
gugu1255	Guugu Yimidhirr	Pama-Nyungan	Australia	72	71	49	69.01
nort3047	North Giziga	Afro-Asiatic	Africa	176	171	118	69.01
iwal1237	Iwal	Austronesian	Papunesia	134	129	89	68.99
naxi1245	Naxi	Sino-Tibetan	Eurasia	132	129	89	68.99
nucl1595	Kwerba	Greater Kwerba	Papunesia	132	129	89	68.99
bahn1262	Bahnar	Austroasiatic	Eurasia	117	116	80	68.97
boli1256	Bolinao	Austronesian	Papunesia	60	58	40	68.97
hrus1242	Hruso		Eurasia	89	87	60	68.97
pend1242	Pendau	Austronesian	Papunesia	185	174	120	68.97
isth1241	Isthmus-Pajapan Nahuatl	Uto-Aztecan	North America	133	132	91	68.94
komi1270	Kom (India)	Sino-Tibetan	Eurasia	168	161	111	68.94
taku1257	Takuu	Austronesian	Papunesia	168	161	111	68.94
uruu1244	Uru	Uru-Chipaya	South America	170	161	111	68.94
nucl1417	Igbo	Atlantic-Congo	Africa	188	177	122	68.93
bala1311	Balangingi	Austronesian	Papunesia	153	148	102	68.92
kele1258	Kele (Papua New Guinea)	Austronesian	Papunesia	150	148	102	68.92
ndom1245	Ndom	Kolopom	Papunesia	74	74	51	68.92
kaki1249	Kaki Ae		Papunesia	138	135	93	68.89
nucl1632	Sentani	Sentanic	Papunesia	143	135	93	68.89
shab1252	Shabo		Africa	189	180	124	68.89
sout2956	Southern Haida	Haida	North America	191	180	124	68.89
epen1239	Epena	Chocoan	South America	157	151	104	68.87
mund1330	Mundurukú	Tupian	South America	161	151	104	68.87
omie1241	Ömie	Koiarian	Papunesia	156	151	104	68.87
dobu1241	Dobu	Austronesian	Papunesia	174	167	115	68.86
masb1238	Masbatenyo	Austronesian	Papunesia	172	167	115	68.86
mpot1240	Mpoto	Atlantic-Congo	Africa	173	167	115	68.86
kenu1236	Kenuzi-Dongola	Nubian	Africa	193	183	126	68.85
mans1262	Mansaka	Austronesian	Papunesia	127	122	84	68.85
nucl1643	Japanese	Japonic	Eurasia	193	183	126	68.85
pahn1237	Pa-Hng	Hmong-Mien	Eurasia	194	183	126	68.85
anuf1239	Anufo	Atlantic-Congo	Africa	162	154	106	68.83
atam1240	Ata Manobo	Austronesian	Papunesia	160	154	106	68.83
gaaa1245	Gaa	Atlantic-Congo	Africa	79	77	53	68.83
huam1247	Huambisa	Chicham	South America	180	170	117	68.82
alse1251	Alsea-Yaquina		North America	149	141	97	68.79
tsat1238	Tsat	Austronesian	Eurasia	183	173	119	68.79
yaum1237	Yau (Morobe Province)	Nuclear Trans New Guinea	Papunesia	181	173	119	68.79
ambo1250	Ambonese Malay	Austronesian	Papunesia	185	176	121	68.75
baka1272	Baka (Cameroon)	Atlantic-Congo	Africa	148	144	99	68.75
cent2322	Central Mansi	Uralic	Eurasia	185	176	121	68.75
dhim1246	Dhimal	Sino-Tibetan	Eurasia	185	176	121	68.75
kyer1238	Kyerung	Sino-Tibetan	Eurasia	184	176	121	68.75
lala1268	Lala	Austronesian	Papunesia	187	176	121	68.75
maga1260	Magahi	Indo-European	Eurasia	136	128	88	68.75
oksa1245	Oksapmin	Nuclear Trans New Guinea	Papunesia	184	176	121	68.75
saki1247	Sakizaya	Austronesian	Papunesia	135	128	88	68.75
wanm1242	Wanman	Pama-Nyungan	Australia	132	128	88	68.75
wash1253	Washo		North America	152	144	99	68.75
dyan1250	Dyangadi	Pama-Nyungan	Australia	190	179	123	68.72
nort2885	Northern Subanen	Austronesian	Papunesia	189	179	123	68.72
sara1321	Sara Kaba Náà	Central Sudanic	Africa	155	147	101	68.71
xokl1240	Xokleng	Nuclear-Macro-Je	South America	150	147	101	68.71
iqui1243	Iquito	Zaparoan	South America	116	115	79	68.7
mund1326	Mündü	Atlantic-Congo	Africa	120	115	79	68.7
dzao1238	Dzao Min	Hmong-Mien	Eurasia	193	182	125	68.68
awac1239	Awa-Cuaiquer	Barbacoan	South America	157	150	103	68.67
mats1244	Matsés	Pano-Tacanan	South America	174	166	114	68.67
sooo1254	Sô	Austroasiatic	Eurasia	176	166	114	68.67
lamo1244	Lamogai	Austronesian	Papunesia	135	134	92	68.66
awet1244	Awetí	Tupian	South America	161	153	105	68.63
kuvi1243	Kuvi	Dravidian	Eurasia	103	102	70	68.63
mara1382	Mara Chin	Sino-Tibetan	Eurasia	160	153	105	68.63
mini1256	Minica Huitoto	Huitotoan	South America	160	153	105	68.63
tamb1254	Tambunan Dusun	Austronesian	Papunesia	145	137	94	68.61
west2430	Western Xiangxi Miao	Hmong-Mien	Eurasia	181	172	118	68.6
kats1235	Katso	Sino-Tibetan	Eurasia	186	175	120	68.57
adon1237	Adonara	Austronesian	Papunesia	165	159	109	68.55
bodo1269	Bodo-Mech	Sino-Tibetan	Eurasia	167	159	109	68.55
aben1249	Abenlen Ayta	Austronesian	Papunesia	90	89	61	68.54
wawa1246	Wawa	Atlantic-Congo	Africa	188	178	122	68.54
elmo1238	El Molo	Afro-Asiatic	Africa	171	162	111	68.52
kumz1235	Kumzari	Indo-European	Eurasia	171	162	111	68.52
lazz1240	Laz	Kartvelian	Eurasia	171	162	111	68.52
ubyk1235	Ubykh	Abkhaz-Adyge	Eurasia	172	162	111	68.52
achi1257	Acehnese	Austronesian	Papunesia	192	181	124	68.51
njan1240	Njanga	Atlantic-Congo	Africa	192	181	124	68.51
wusa1235	Wusa Nasu	Sino-Tibetan	Eurasia	192	181	124	68.51
bobo1255	Bobongko	Austronesian	Papunesia	73	73	50	68.49
lese1243	Lese	Central Sudanic	Africa	150	146	100	68.49
gahr1239	Bunan	Sino-Tibetan	Eurasia	195	184	126	68.48
kuni1267	Kunimaipa	Goilalan	Papunesia	171	165	113	68.48
amah1246	Amahuaca	Pano-Tacanan	South America	153	149	102	68.46
nort2980	North Junín Quechua	Quechuan	South America	175	168	115	68.45
sioo1240	Sio	Austronesian	Papunesia	175	168	115	68.45
tata1255	Tatar	Turkic	Eurasia	176	168	115	68.45
ando1256	Andoque		South America	38	38	26	68.42
dana1252	Danau	Austroasiatic	Eurasia	179	171	117	68.42
dizi1235	Dizin	Dizoid	Africa	57	57	39	68.42
east2332	Eastern Bru	Austroasiatic	Eurasia	134	133	91	68.42
loth1237	Lotha Naga	Sino-Tibetan	Eurasia	160	152	104	68.42
nyah1249	Nyaheun	Austroasiatic	Eurasia	57	57	39	68.42
wint1259	Wintu	Wintuan	North America	159	152	104	68.42
nort2697	North Azerbaijani	Turkic	Eurasia	188	177	121	68.36
darg1241	North-Central Dargwa	Nakh-Daghestanian	Eurasia	146	139	95	68.35
djin1251	Jingulu	Mirndi	Australia	166	158	108	68.35
golo1234	Golo	Atlantic-Congo	Africa	82	79	54	68.35
kana1286	Kanakanavu	Austronesian	Papunesia	147	139	95	68.35
karo1304	Karok		North America	164	158	108	68.35
lugb1240	Lugbara	Central Sudanic	Africa	165	158	108	68.35
mika1239	Mikasuki	Muskogean	North America	147	139	95	68.35
omah1247	Omaha-Ponca	Siouan	North America	81	79	54	68.35
isth1242	Isthmus-Mecayapan Nahuatl	Uto-Aztecan	North America	123	120	82	68.33
cent2090	Central Tagbanwa	Austronesian	Papunesia	166	161	110	68.32
doro1266	Doromu-Koki	Manubaran	Papunesia	167	161	110	68.32
fore1265	Forest Enets	Uralic	Eurasia	193	183	125	68.31
patt1248	Pattani	Sino-Tibetan	Eurasia	172	164	112	68.29
kara1500	Karajá	Nuclear-Macro-Je	South America	176	167	114	68.26
mato1252	Mato	Austronesian	Papunesia	169	167	114	68.26
nucl1633	Nimboran	Nimboranic	Papunesia	171	167	114	68.26
wapp1239	Wappo	Yuki-Wappo	North America	177	167	114	68.26
gamb1251	Gambera	Worrorran	Australia	129	126	86	68.25
budu1248	Budukh	Nakh-Daghestanian	Eurasia	158	148	101	68.24
isin1239	Isinai	Austronesian	Papunesia	152	148	101	68.24
matb1237	Matbat	Austronesian	Papunesia	154	148	101	68.24
quap1242	Quapaw	Siouan	North America	154	148	101	68.24
woun1238	Woun Meu	Chocoan	South America	150	148	101	68.24
yaka1277	Yakan	Austronesian	Papunesia	178	170	116	68.24
huli1244	Huli	Nuclear Trans New Guinea	Papunesia	131	129	88	68.22
lian1251	Liangmai Naga	Sino-Tibetan	Eurasia	133	129	88	68.22
mwan1250	Mwan	Mande	Africa	135	129	88	68.22
caom1238	Cao Miao	Tai-Kadai	Eurasia	183	173	118	68.21
karb1241	Hills Karbi	Sino-Tibetan	Eurasia	157	151	103	68.21
nyul1247	Nyulnyul	Nyulnyulan	Australia	159	151	103	68.21
kalk1246	Kalkutung	Pama-Nyungan	Australia	158	154	105	68.18
more1259	Morelos Nahuatl	Uto-Aztecan	North America	135	132	90	68.18
muru1266	Muruwari	Pama-Nyungan	Australia	157	154	105	68.18
remb1250	Rembong-Wangka	Austronesian	Papunesia	159	154	105	68.18
sela1259	Selaru	Austronesian	Papunesia	186	176	120	68.18
lach1248	Lachi	Tai-Kadai	Eurasia	167	157	107	68.15
toll1241	Tol	Jicaquean	North America	141	135	92	68.15
nort2836	North Efate	Austronesian	Papunesia	93	91	62	68.13
nyah1250	Nyahkur	Austroasiatic	Eurasia	192	182	124	68.13
pras1239	Prasun	Indo-European	Eurasia	93	91	62	68.13
sina1266	Sinaugoro	Austronesian	Papunesia	192	182	124	68.13
mang1403	Mangseng	Austronesian	Papunesia	165	160	109	68.12
toda1252	Toda	Dravidian	Eurasia	139	138	94	68.12
aluk1238	Alu Kurumba	Dravidian	Eurasia	171	163	111	68.1
hame1242	Hamer-Banna	South Omotic	Africa	173	163	111	68.1
makc1235	Mak (China)	Tai-Kadai	Eurasia	171	163	111	68.1
sika1261	Sikaiana	Austronesian	Papunesia	173	163	111	68.1
tule1245	Tule-Kaweah Yokuts	Yokutsan	North America	172	163	111	68.1
simb1256	Simbo	Austronesian	Papunesia	95	94	64	68.09
cent2050	Central Kanuri	Saharan	Africa	173	166	113	68.07
samb1305	Samba Leko	Atlantic-Congo	Africa	172	166	113	68.07
take1257	Takelma		North America	173	166	113	68.07
tepe1278	Tepecano	Uto-Aztecan	North America	121	119	81	68.07
mari1424	Marithiel	Western Daly	Australia	151	144	98	68.06
kolb1240	Kolbila	Atlantic-Congo	Africa	178	169	115	68.05
saur1249	Sauria Paharia	Dravidian	Eurasia	179	169	115	68.05
taba1263	Tabaru	North Halmahera	Papunesia	176	169	115	68.05
yuki1243	Northern Yukian	Yuki-Wappo	North America	175	169	115	68.05
yidi1250	Yidiñ	Pama-Nyungan	Australia	156	147	100	68.03
ache1246	Aché	Tupian	South America	78	75	51	68
byan1241	Byangsi	Sino-Tibetan	Eurasia	182	175	119	68
kuma1280	Kuman	Nuclear Trans New Guinea	Papunesia	153	150	102	68
west2564	West Berawan	Austronesian	Papunesia	83	75	51	68
bulo1242	Bulo Stieng	Austroasiatic	Eurasia	185	178	121	67.98
kesa1244	Kesawai	Nuclear Trans New Guinea	Papunesia	188	178	121	67.98
nort2961	Northwestern Ojibwa	Algic	North America	189	178	121	67.98
cahu1264	Cahuilla	Uto-Aztecan	North America	190	181	123	67.96
east1236	Eastern Katu	Austroasiatic	Eurasia	106	103	70	67.96
kumb1268	Kumbainggar	Pama-Nyungan	Australia	192	181	123	67.96
maan1238	Ma'anyan	Austronesian	Papunesia	163	156	106	67.95
mbar1260	Mbara (Chad)	Afro-Asiatic	Africa	157	156	106	67.95
sude1239	Sudest	Austronesian	Papunesia	159	156	106	67.95
cabe1245	Cabécar	Chibchan	North America	139	131	89	67.94
gana1278	Ganai	Pama-Nyungan	Australia	53	53	36	67.92
para1311	Paraguayan Guaraní	Tupian	South America	54	53	36	67.92
budu1265	Buduma	Afro-Asiatic	Africa	137	134	91	67.91
chim1309	Chimila	Chibchan	South America	136	134	91	67.91
alor1247	Alorese	Austronesian	Papunesia	168	162	110	67.9
malg1251	Malgwa	Afro-Asiatic	Africa	171	162	110	67.9
resi1247	Resígaro	Arawakan	South America	83	81	55	67.9
huuu1240	Hu	Austroasiatic	Eurasia	175	165	112	67.88
mouk1239	Mouk-Aria	Austronesian	Papunesia	139	137	93	67.88
shas1239	Shasta	Shastan	North America	144	137	93	67.88
murl1244	Murle	Surmic	Africa	175	168	114	67.86
waim1252	Waima'a	Austronesian	Papunesia	144	140	95	67.86
lave1248	Laven	Austroasiatic	Eurasia	180	171	116	67.84
nort2938	Northern Haida	Haida	North America	179	171	116	67.84
baki1244	Baki	Austronesian	Papunesia	152	143	97	67.83
bond1245	Bondo	Austroasiatic	Eurasia	152	143	97	67.83
sout2856	South Efate	Austronesian	Papunesia	188	177	120	67.8
anut1237	Anuta	Austronesian	Papunesia	153	149	101	67.79
dawr1236	Dawro	Ta-Ne-Omotic	Africa	156	149	101	67.79
maee1241	Tirax	Austronesian	Papunesia	188	180	122	67.78
nort2745	Northern Yukaghir	Yukaghir	Eurasia	191	180	122	67.78
nucl1305	Kannada	Dravidian	Eurasia	191	180	122	67.78
yami1254	Yami	Austronesian	Papunesia	194	183	124	67.76
buna1276	Bunama	Austronesian	Papunesia	125	124	84	67.74
temp1235	Tempasuk Dusun	Austronesian	Papunesia	127	124	84	67.74
bagi1246	Bagirmi	Central Sudanic	Africa	167	158	107	67.72
guer1241	Central Guerrero Nahuatl	Uto-Aztecan	North America	135	127	86	67.72
kaga1256	Kagayanen	Austronesian	Papunesia	167	158	107	67.72
sout2730	Southern Bai	Sino-Tibetan	Eurasia	161	158	107	67.72
uduk1239	Uduk	Koman	Africa	135	127	86	67.72
umbu1258	Umbu-Ungu	Nuclear Trans New Guinea	Papunesia	165	158	107	67.72
jams1239	Jamsay Dogon	Dogon	Africa	169	161	109	67.7
lele1270	Lele (Papua New Guinea)	Austronesian	Papunesia	167	161	109	67.7
gwen1239	Gweno	Atlantic-Congo	Africa	135	130	88	67.69
mand1436	Mandinka	Mande	Africa	137	130	88	67.69
koit1244	Koitabu	Koiarian	Papunesia	168	164	111	67.68
guma1254	Gumawana	Austronesian	Papunesia	176	170	115	67.65
mada1285	Madak	Austronesian	Papunesia	176	170	115	67.65
moro1287	Moronene	Austronesian	Papunesia	106	102	69	67.65
asur1254	Asuri	Austroasiatic	Eurasia	149	142	96	67.61
sici1249	Sìcìté Sénoufo	Atlantic-Congo	Africa	143	142	96	67.61
west2386	Western Panjabi	Indo-European	Eurasia	150	142	96	67.61
yulu1243	Yulu-Binga	Central Sudanic	Africa	149	142	96	67.61
kach1284	Kachama-Ganjule-Haro	Ta-Ne-Omotic	Africa	188	179	121	67.6
paco1243	Pacoh	Austroasiatic	Eurasia	188	179	121	67.6
taus1253	Taushiro		South America	150	145	98	67.59
ubir1237	Ubir	Austronesian	Papunesia	149	145	98	67.59
aheu1239	Thavung	Austroasiatic	Eurasia	192	182	123	67.58
chon1284	Chong of Chanthaburi	Austroasiatic	Eurasia	193	182	123	67.58
skol1241	Skolt Saami	Uralic	Eurasia	192	182	123	67.58
jede1239	Jedek	Austroasiatic	Eurasia	112	111	75	67.57
maya1285	Mayangna	Misumalpan	North America	153	148	100	67.57
pawn1254	Pawnee	Caddoan	North America	156	148	100	67.57
sher1257	Sherdukpen	Sino-Tibetan	Eurasia	77	74	50	67.57
yuqu1240	Yuqui	Tupian	South America	153	148	100	67.57
melo1242	Melo	Ta-Ne-Omotic	Africa	163	154	104	67.53
lagw1237	Lagwan	Afro-Asiatic	Africa	164	157	106	67.52
beta1252	Betawi	Austronesian	Papunesia	170	160	108	67.5
kafa1242	Kafa	Ta-Ne-Omotic	Africa	167	160	108	67.5
yagu1244	Yagua	Peba-Yagua	South America	170	160	108	67.5
cams1241	Camsá		South America	124	123	83	67.48
cane1242	Canela-Krahô	Nuclear-Macro-Je	South America	173	163	110	67.48
chit1248	Chitimacha		North America	167	163	110	67.48
eyak1241	Eyak	Athabaskan-Eyak-Tlingit	North America	174	163	110	67.48
winj1235	Winjarumi	Worrorran	Australia	126	123	83	67.48
biao1253	Shidong Biao	Tai-Kadai	Eurasia	175	166	112	67.47
bimi1240	Bimin	Nuclear Trans New Guinea	Papunesia	172	166	112	67.47
ibal1244	Ibaloi	Austronesian	Papunesia	169	166	112	67.47
kamb1299	Kambera	Austronesian	Papunesia	175	166	112	67.47
kony1248	Konyak Naga	Sino-Tibetan	Eurasia	175	166	112	67.47
sout2782	South Fali	Atlantic-Congo	Africa	177	166	112	67.47
atay1247	Atayal	Austronesian	Papunesia	129	126	85	67.46
boto1242	Botolan Sambal	Austronesian	Papunesia	175	169	114	67.46
kute1249	Kutenai		North America	132	126	85	67.46
naro1251	Narom	Austronesian	Papunesia	132	126	85	67.46
gebe1237	Gebe	Austronesian	Papunesia	129	129	87	67.44
rung1259	Rungus	Austronesian	Papunesia	137	129	87	67.44
ware1255	Warekena do San Miguel	Arawakan	South America	131	129	87	67.44
eipo1242	Eipomek	Nuclear Trans New Guinea	Papunesia	184	175	118	67.43
tutu1241	Tutuba	Austronesian	Papunesia	184	175	118	67.43
aoua1234	A'ou	Tai-Kadai	Eurasia	187	178	120	67.42
cent2314	Central Chong	Austroasiatic	Eurasia	187	178	120	67.42
mafe1237	Mafea	Austronesian	Papunesia	134	132	89	67.42
yaul1241	Ulwa (Papua New Guinea)	Keram	Papunesia	188	178	120	67.42
chim1301	Chimariko		North America	141	135	91	67.41
colo1256	Tsafiki	Barbacoan	South America	144	138	93	67.39
hakk1236	Hakka Chinese	Sino-Tibetan	Eurasia	143	138	93	67.39
koka1244	Kokata	Pama-Nyungan	Australia	143	141	95	67.38
pamo1252	Pamona	Austronesian	Papunesia	148	141	95	67.38
onaa1245	Selk'nam	Chonan	South America	153	147	99	67.35
jurm1239	Jur Modo	Central Sudanic	Africa	159	150	101	67.33
west2441	Western Arrarnta	Pama-Nyungan	Australia	159	150	101	67.33
cent2150	Central Tunebo	Chibchan	South America	159	153	103	67.32
miga1249	Migaama	Afro-Asiatic	Africa	104	104	70	67.31
pitt1247	Pitta Pitta	Pama-Nyungan	Australia	160	156	105	67.31
ulch1241	Ulch	Tungusic	Eurasia	164	156	105	67.31
gogo1265	Gogodala	Suki-Gogodala	Papunesia	166	159	107	67.3
mayo1264	Mayo	Uto-Aztecan	North America	168	159	107	67.3
nhan1238	Nhanda	Pama-Nyungan	Australia	163	159	107	67.3
uppe1427	Upper Kinabatangan	Austronesian	Papunesia	116	107	72	67.29
awar1249	Awar	Lower Sepik-Ramu	Papunesia	165	162	109	67.28
busa1253	Busa	Mande	Africa	171	162	109	67.28
kolu1245	Koluwawa	Austronesian	Papunesia	163	162	109	67.28
tond1249	Tondi Songway Kiini	Songhay	Africa	172	162	109	67.28
esse1238	Esselen		North America	110	110	74	67.27
kuyy1240	Kuy	Austroasiatic	Eurasia	174	165	111	67.27
kove1237	Kove	Austronesian	Papunesia	180	171	115	67.25
orok1267	Orokolo	Eleman	Papunesia	181	171	115	67.25
ruch1235	Ruching Palaung	Austroasiatic	Eurasia	184	174	117	67.24
sira1267	Sirayaic	Austronesian	Papunesia	177	174	117	67.24
toor1238	Tooro	Atlantic-Congo	Africa	184	174	117	67.24
kinn1249	Kinnauri	Sino-Tibetan	Eurasia	188	177	119	67.23
acha1249	Longchuan Achang	Sino-Tibetan	Eurasia	191	180	121	67.22
anuu1241	Anu-Hkongso	Sino-Tibetan	Eurasia	190	180	121	67.22
mapu1245	Mapudungun	Araucanian	South America	190	180	121	67.22
nucl1302	Georgian	Kartvelian	Eurasia	191	180	121	67.22
tern1247	Ternate	North Halmahera	Papunesia	190	180	121	67.22
lezg1247	Lezgian	Nakh-Daghestanian	Eurasia	194	183	123	67.21
ngan1291	Nganasan	Uralic	Eurasia	194	183	123	67.21
shos1248	Shoshoni	Uto-Aztecan	North America	192	183	123	67.21
pang1291	Pangutaran Sama	Austronesian	Papunesia	134	128	86	67.19
wadj1254	Wadjiginy		Australia	141	137	92	67.15
chib1270	Chibcha	Chibchan	South America	148	140	94	67.14
jenn1240	Jennu Kurumba	Dravidian	Eurasia	150	140	94	67.14
midd1327	Middle Watut	Austronesian	Papunesia	140	140	94	67.14
amar1272	Amara	Austronesian	Papunesia	148	146	98	67.12
west2650	Western Cham	Austronesian	Eurasia	151	146	98	67.12
emae1237	Emae	Austronesian	Papunesia	156	152	102	67.11
nupe1254	Nupe-Nupe-Tako	Atlantic-Congo	Africa	159	152	102	67.11
tenn1246	Tennet	Surmic	Africa	158	149	100	67.11
tswa1255	Tswa	Atlantic-Congo	Africa	162	152	102	67.11
kryt1240	Kryz	Nakh-Daghestanian	Eurasia	165	155	104	67.1
mudu1239	Muduga	Dravidian	Eurasia	161	155	104	67.1
sout3236	Southern Gumuz	Gumuz	Africa	161	155	104	67.1
huas1242	Huastec	Mayan	North America	176	167	112	67.07
waur1244	Waurá	Arawakan	South America	86	82	55	67.07
waya1269	Wayana	Cariban	South America	178	170	114	67.06
bugi1244	Buginese	Austronesian	Papunesia	183	173	116	67.05
kuku1273	Kuku-Yalanji	Pama-Nyungan	Australia	184	173	116	67.05
lama1277	Lamaholot	Austronesian	Papunesia	182	173	116	67.05
tetu1246	Tetun Dili	Austronesian	Papunesia	183	173	116	67.05
dhao1237	Dhao	Austronesian	Papunesia	189	179	120	67.04
nort2690	Northern Uzbek	Turkic	Eurasia	193	182	122	67.03
ahin1234	Ahin-Kayapa Kalanguya	Austronesian	Papunesia	104	103	69	66.99
cent2058	Central Maewo	Austronesian	Papunesia	110	103	69	66.99
iama1237	Iamalele	Austronesian	Papunesia	107	106	71	66.98
opat1246	Teguima	Uto-Aztecan	North America	120	112	75	66.96
kimm1246	Kim	Atlantic-Congo	Africa	129	124	83	66.94
orma1241	Orma	Afro-Asiatic	Africa	128	124	83	66.94
soni1259	Soninke	Mande	Africa	127	124	83	66.94
wila1240	Wilawila	Worrorran	Australia	127	124	83	66.94
miwa1242	Miwa	Worrorran	Australia	130	127	85	66.93
chey1247	Cheyenne	Algic	North America	139	133	89	66.92
arch1244	Archi	Nakh-Daghestanian	Eurasia	148	139	93	66.91
bong1285	Bongo	Central Sudanic	Africa	146	139	93	66.91
tang1347	Movono	Austronesian	Papunesia	159	151	101	66.89
embe1262	Emberá-Chamí	Chocoan	South America	159	154	103	66.88
kaba1281	Kaba	Central Sudanic	Africa	166	157	105	66.88
mina1268	Minangkabau	Austronesian	Papunesia	164	154	103	66.88
sout2869	Southwest Tanna	Austronesian	Papunesia	166	160	107	66.88
ajab1235	Aja (Benin)	Atlantic-Congo	Africa	173	166	111	66.87
apin1244	Apinayé	Nuclear-Macro-Je	South America	181	172	115	66.86
diga1241	Tawra	Sino-Tibetan	Eurasia	178	172	115	66.86
dzon1239	Dzongkha	Sino-Tibetan	Eurasia	175	172	115	66.86
lavu1241	Lavukaleve		Papunesia	181	175	117	66.86
lolo1259	Lolopo	Sino-Tibetan	Eurasia	186	175	117	66.86
mina1276	Mina (Cameroon)	Afro-Asiatic	Africa	185	175	117	66.86
namb1293	Nambo	Yam	Papunesia	182	172	115	66.86
sons1242	Sonsorol	Austronesian	Papunesia	181	172	115	66.86
surg1248	Surgut Khanty	Uralic	Eurasia	186	175	117	66.86
tunn1238	Tunni	Afro-Asiatic	Africa	184	175	117	66.86
turk1304	Turkmen	Turkic	Eurasia	181	172	115	66.86
area1240	'Are'are	Austronesian	Papunesia	195	184	123	66.85
biha1246	Bih	Austronesian	Eurasia	182	178	119	66.85
bisu1244	Bisu	Sino-Tibetan	Eurasia	187	178	119	66.85
kaya1315	Kayan Lahwi	Sino-Tibetan	Eurasia	194	184	123	66.85
ruka1240	Rukai	Austronesian	Papunesia	191	181	121	66.85
tami1289	Tamil	Dravidian	Eurasia	195	184	123	66.85
arbo1245	Arbore	Afro-Asiatic	Africa	170	162	108	66.67
babi1235	Witsuwit'en-Babine	Athabaskan-Eyak-Tlingit	North America	169	162	108	66.67
bamb1270	Bambam	Austronesian	Papunesia	134	129	86	66.67
bolg1251	Bolgo	Atlantic-Congo	Africa	78	78	52	66.67
burj1242	Burji	Afro-Asiatic	Africa	187	180	120	66.67
cari1276	Caribbean Javanese	Austronesian	South America	97	93	62	66.67
cent1992	Central Mnong	Austroasiatic	Eurasia	190	180	120	66.67
chir1283	Chiru	Sino-Tibetan	Eurasia	170	162	108	66.67
coeu1236	Coeur d'Alene	Salishan	North America	157	153	102	66.67
darl1243	Paakantyi	Pama-Nyungan	Australia	45	45	30	66.67
djam1255	Jaminjung-Ngaliwurru	Mirndi	Australia	184	174	116	66.67
eude1234	Eudeve	Uto-Aztecan	North America	153	147	98	66.67
gant1244	Gants	Nuclear Trans New Guinea	Papunesia	164	159	106	66.67
geme1244	Geme	Atlantic-Congo	Africa	6	6	4	66.67
gizr1240	Gizrra	Eastern Trans-Fly	Papunesia	93	90	60	66.67
guri1248	Guriaso		Papunesia	24	24	16	66.67
guru1271	Guruntum-Mbaaru	Afro-Asiatic	Africa	181	171	114	66.67
hadi1240	Hadiyya	Afro-Asiatic	Africa	189	180	120	66.67
hida1246	Hidatsa	Siouan	North America	177	171	114	66.67
iban1267	Ibanag	Austronesian	Papunesia	177	168	112	66.67
inga1252	Colombian Inga	Quechuan	South America	69	69	46	66.67
kark1258	Karkar-Yuri	Pauwasi	Papunesia	132	129	86	66.67
kaur1271	Kaure-Narau	Kaure-Kosare	Papunesia	60	60	40	66.67
koya1251	Koya	Dravidian	Eurasia	137	129	86	66.67
litz1237	Naman	Austronesian	Papunesia	185	174	116	66.67
maia1253	Maiani	Nuclear Trans New Guinea	Papunesia	79	78	52	66.67
male1297	Maléku Jaíka	Chibchan	North America	188	177	118	66.67
mang1378	Mang	Austroasiatic	Eurasia	158	150	100	66.67
manu1258	Manusela	Austronesian	Papunesia	101	96	64	66.67
mort1237	Mortlockese	Austronesian	Papunesia	141	135	90	66.67
musa1266	Aisi	Nuclear Trans New Guinea	Papunesia	158	156	104	66.67
nawu1242	Nawuri	Atlantic-Congo	Africa	182	174	116	66.67
ngab1239	Ngäbere	Chibchan	North America	165	156	104	66.67
nhen1239	Nhengatu	Tupian	South America	181	174	116	66.67
nonu1241	Nonuya	Huitotoan	South America	54	54	36	66.67
nucl1235	Eastern Armenian	Indo-European	Eurasia	188	177	118	66.67
nucl1452	Mombum	Mombum-Koneraw	Papunesia	73	72	48	66.67
pang1290	Pangasinan	Austronesian	Papunesia	169	159	106	66.67
papa1265	Papapana	Austronesian	Papunesia	188	177	118	66.67
pina1252	Pinai-Hagahai	Piawi	Papunesia	162	159	106	66.67
reja1241	Rejang Kayan	Austronesian	Papunesia	140	135	90	66.67
thao1240	Thao	Austronesian	Papunesia	170	165	110	66.67
toho1245	Tohono O'odham	Uto-Aztecan	North America	184	174	116	66.67
toma1245	Toma	Mande	Africa	135	129	86	66.67
tson1249	Tsonga	Atlantic-Congo	Africa	185	174	116	66.67
waim1253	Waimiri-Atroari	Cariban	South America	127	126	84	66.67
west2555	Western Bukidnon Manobo	Austronesian	Papunesia	107	102	68	66.67
west2778	Western Durango Nahuatl	Uto-Aztecan	North America	131	129	86	66.67
yulp1239	Yulparija	Pama-Nyungan	Australia	156	153	102	66.67
savo1255	Savosavo		Papunesia	185	176	117	66.48
stan1306	Standard Malay	Austronesian	Eurasia	190	179	119	66.48
youn1235	Younuo Bunu	Hmong-Mien	Eurasia	193	182	121	66.48
guny1241	Gunya	Pama-Nyungan	Australia	177	170	113	66.47
ngit1239	Ngiti	Central Sudanic	Africa	180	173	115	66.47
nort2959	Northern Tepehuan	Uto-Aztecan	North America	184	173	115	66.47
serr1255	Serrano	Uto-Aztecan	North America	183	173	115	66.47
gofa1235	Gofa	Ta-Ne-Omotic	Africa	169	164	109	66.46
lang1320	Langi	Atlantic-Congo	Africa	174	164	109	66.46
sout2985	Southern Sierra Miwok	Miwok-Costanoan	North America	166	158	105	66.46
term1237	Termanu	Austronesian	Papunesia	172	161	107	66.46
baba1266	Babanki	Atlantic-Congo	Africa	159	155	103	66.45
iyoo1238	Iyo	Nuclear Trans New Guinea	Papunesia	153	152	101	66.45
oroc1248	Oroch	Tungusic	Eurasia	162	152	101	66.45
pemo1248	Pemon	Cariban	South America	161	155	103	66.45
sile1255	Sirva	Nuclear Trans New Guinea	Papunesia	157	155	103	66.45
cham1309	Chamalal	Nakh-Daghestanian	Eurasia	159	149	99	66.44
jaqa1244	Jaqaru	Aymaran	South America	150	146	97	66.44
kada1242	Kadar	Dravidian	Eurasia	156	149	99	66.44
bayb1234	Baybayanon	Austronesian	Papunesia	149	143	95	66.43
bilb1241	Bilibil	Austronesian	Papunesia	141	140	93	66.43
biwa1243	Biwat	Yuat	Papunesia	153	143	95	66.43
char1269	Chara	Ta-Ne-Omotic	Africa	149	143	95	66.43
huba1236	Huba	Afro-Asiatic	Africa	151	143	95	66.43
tali1259	Talise	Austronesian	Papunesia	142	137	91	66.42
tang1348	Tangga	Austronesian	Papunesia	140	134	89	66.42
adny1235	Adnyamathanha	Pama-Nyungan	Australia	131	131	87	66.41
sini1242	Sininkere	Mande	Africa	125	122	81	66.39
akei1237	Akei	Austronesian	Papunesia	122	116	77	66.38
miam1252	Miami	Algic	North America	120	116	77	66.38
wara1300	Waray (Philippines)	Austronesian	Papunesia	122	116	77	66.38
iwam1256	Iwam	Sepik	Papunesia	105	104	69	66.35
futu1245	Futuna-Aniwa	Austronesian	Papunesia	192	181	120	66.3
meny1245	Menya	Angan	Papunesia	96	92	61	66.3
aika1237	Aikanã		South America	90	89	59	66.29
fonn1241	Fon	Atlantic-Congo	Africa	189	178	118	66.29
pohn1238	Pohnpeian	Austronesian	Papunesia	182	175	116	66.29
tokp1240	Tok Pisin	Indo-European	Papunesia	184	175	116	66.29
bena1262	Bena (Tanzania)	Atlantic-Congo	Africa	93	86	57	66.28
olut1240	Oluta Popoluca	Mixe-Zoque	North America	180	172	114	66.28
saba1263	Sabah Malay	Austronesian	Papunesia	182	172	114	66.28
tung1290	Tungag	Austronesian	Papunesia	178	172	114	66.28
umes1235	Ume Saami	Uralic	Eurasia	183	172	114	66.28
gade1242	Gade	Atlantic-Congo	Africa	178	169	112	66.27
mola1238	Molale		North America	174	166	110	66.27
reng1252	Rengao	Austroasiatic	Eurasia	172	166	110	66.27
tuka1248	Tukang Besi North	Austronesian	Papunesia	175	166	110	66.27
cent2140	Central Sierra Miwok	Miwok-Costanoan	North America	167	160	106	66.25
hunz1247	Hunzib	Nakh-Daghestanian	Eurasia	170	160	106	66.25
rade1240	Rade	Austronesian	Eurasia	167	160	106	66.25
sund1252	Sundanese	Austronesian	Papunesia	170	160	106	66.25
gapa1238	Gapapaiwa	Austronesian	Papunesia	157	154	102	66.23
zuni1245	Zuni		North America	156	151	100	66.23
bezh1248	Bezhta	Nakh-Daghestanian	Eurasia	158	148	98	66.22
kava1241	Kavalan	Austronesian	Papunesia	148	148	98	66.22
onto1237	Luangiua	Austronesian	Papunesia	156	148	98	66.22
raji1240	Raji	Sino-Tibetan	Eurasia	153	145	96	66.21
pich1237	Pichis Ashéninka	Arawakan	South America	148	142	94	66.2
alya1239	Alyawarr	Pama-Nyungan	Australia	68	68	45	66.18
baba1268	Babatana	Austronesian	Papunesia	138	133	88	66.17
nege1240	Negeri Sembilan Malay	Austronesian	Eurasia	139	133	88	66.17
yinc1238	Yinchia	Austroasiatic	Eurasia	65	65	43	66.15
nzak1246	Nzakambay	Atlantic-Congo	Africa	135	127	84	66.14
guro1248	Guro	Mande	Africa	131	124	82	66.13
labo1244	Ninde	Austronesian	Papunesia	122	121	80	66.12
tuge1241	Tugen	Nilotic	Africa	126	121	80	66.12
udih1248	Udihe	Tungusic	Eurasia	194	183	121	66.12
wall1257	East Uvean	Austronesian	Papunesia	189	180	119	66.11
komi1268	Komi-Zyrian	Uralic	Eurasia	186	177	117	66.1
luok1236	Luo (Kenya and Tanzania)	Nilotic	Africa	185	177	117	66.1
mari1414	Maria (India)	Dravidian	Eurasia	119	118	78	66.1
maxa1247	Maxakalí	Nuclear-Macro-Je	South America	181	174	115	66.09
culi1244	Culina	Arawan	South America	179	171	113	66.08
sema1265	Semaq Beri	Austroasiatic	Eurasia	181	171	113	66.08
akan1250	Akan	Atlantic-Congo	Africa	57	56	37	66.07
cent2131	Central Tarahumara	Uto-Aztecan	North America	178	168	111	66.07
kuii1252	Kui (India)	Dravidian	Eurasia	113	112	74	66.07
mapo1242	Mapos Buang	Austronesian	Papunesia	173	168	111	66.07
mati1250	Matigsalug Manobo	Austronesian	Papunesia	177	168	111	66.07
ngas1240	Ngas	Afro-Asiatic	Africa	176	168	111	66.07
ngul1236	Nguluwan	Austronesian	Papunesia	56	56	37	66.07
waiw1244	Waiwai	Cariban	South America	178	168	111	66.07
yale1246	Yale		Papunesia	173	168	111	66.07
yoku1256	Northern Yokuts	Yokutsan	North America	173	168	111	66.07
okuu1243	Oku	Atlantic-Congo	Africa	110	109	72	66.06
yecu1235	Yecuatla Totonac	Totonacan	North America	172	162	107	66.05
meen1242	Me'en	Surmic	Africa	167	159	105	66.04
bira1253	Ongota		Africa	163	156	103	66.03
labu1248	Labu	Austronesian	Papunesia	154	150	99	66
nand1266	Nandi	Nilotic	Africa	156	147	97	65.99
hdii1240	Hdi	Afro-Asiatic	Africa	98	94	62	65.96
jahh1242	Jah Hut	Austroasiatic	Eurasia	146	141	93	65.96
kaur1267	Kaurna	Pama-Nyungan	Australia	48	47	31	65.96
awar1248	Awara	Nuclear Trans New Guinea	Papunesia	136	135	89	65.93
baga1272	Baga Sitemu	Atlantic-Congo	Africa	140	135	89	65.93
bola1250	Bola	Austronesian	Papunesia	193	182	120	65.93
east2379	Eastern Arrernte	Pama-Nyungan	Australia	93	91	60	65.93
hier1240	Hieroglyphic Luwian	Indo-European	Eurasia	142	135	89	65.93
lund1271	Lundayeh	Austronesian	Papunesia	141	135	89	65.93
tsix1234	Ts'ixa	Khoe-Kwadi	Africa	193	182	120	65.93
warr1258	Warrwa	Nyulnyulan	Australia	137	135	89	65.93
hung1274	Hungarian	Uralic	Eurasia	189	179	118	65.92
wamb1257	Wambule	Sino-Tibetan	Eurasia	189	179	118	65.92
moch1259	Mochica		South America	139	132	87	65.91
phai1238	Prai	Austroasiatic	Eurasia	186	176	116	65.91
puin1248	Puinave		South America	44	44	29	65.91
rend1243	Rendille	Afro-Asiatic	Africa	44	44	29	65.91
safw1238	Safwa	Atlantic-Congo	Africa	48	44	29	65.91
sout2994	Southern Nambikuára	Nambiquaran	South America	186	176	116	65.91
clas1249	Classical-Middle Armenian	Indo-European	Eurasia	183	173	114	65.9
darm1243	Darma	Sino-Tibetan	Eurasia	179	173	114	65.9
domm1246	Dom	Nuclear Trans New Guinea	Papunesia	179	173	114	65.9
katb1237	Avava	Austronesian	Papunesia	183	173	114	65.9
pure1242	Purepecha	Tarascan	North America	182	173	114	65.9
seri1257	Seri		North America	181	173	114	65.9
ines1240	Ineseño	Chumashan	North America	173	167	110	65.87
tief1242	Tiefo-Daramandugu	Atlantic-Congo	Africa	177	167	110	65.87
kamb1297	Kamba (Kenya)	Atlantic-Congo	Africa	173	164	108	65.85
maro1244	Marovo	Austronesian	Papunesia	84	82	54	65.85
oldm1242	Old Mon	Austroasiatic	Eurasia	171	164	108	65.85
waru1265	Warumungu	Pama-Nyungan	Australia	173	164	108	65.85
khar1287	Kharia	Austroasiatic	Eurasia	172	161	106	65.84
khmu1256	Khmu	Austroasiatic	Eurasia	167	161	106	65.84
peng1244	Pengo	Dravidian	Eurasia	171	161	106	65.84
qima1242	Qimant	Afro-Asiatic	Africa	166	161	106	65.84
kuna1268	Kunama		Africa	165	155	102	65.81
kweg1241	Kwegu	Surmic	Africa	162	155	102	65.81
lika1243	Liko	Atlantic-Congo	Africa	165	155	102	65.81
mids1243	Mid-Southern Banda	Atlantic-Congo	Africa	123	117	77	65.81
nuku1260	Nukuoro	Austronesian	Papunesia	120	117	77	65.81
aree1239	Are	Austronesian	Papunesia	157	152	100	65.79
ewee1241	Ewe	Atlantic-Congo	Africa	162	152	100	65.79
kare1338	Kare (Central African Republic)	Atlantic-Congo	Africa	158	152	100	65.79
sher1258	Sherbro	Atlantic-Congo	Africa	118	114	75	65.79
tagw1240	Tagwana Senoufo	Atlantic-Congo	Africa	115	114	75	65.79
sout2918	Southern Sama	Austronesian	Papunesia	159	149	98	65.77
moks1248	Moksha	Uralic	Eurasia	195	184	121	65.76
nana1257	Nanai	Tungusic	Eurasia	195	184	121	65.76
yoga1237	Yogad	Austronesian	Papunesia	192	184	121	65.76
unua1237	Unua	Austronesian	Papunesia	192	181	119	65.75
biri1256	Biri	Pama-Nyungan	Australia	146	143	94	65.73
bign1238	Big Nambas	Austronesian	Papunesia	181	175	115	65.71
east2443	East Ambae	Austronesian	Papunesia	182	175	115	65.71
hano1246	Hano	Austronesian	Papunesia	183	175	115	65.71
kamu1260	Kamula	Kamula-Elevala	Papunesia	185	175	115	65.71
woli1241	Wolio	Austronesian	Papunesia	182	172	113	65.7
kulo1237	Kulon-Pazeh	Austronesian	Papunesia	140	137	90	65.69
muyu1244	Muyuw	Austronesian	Papunesia	140	137	90	65.69
mori1269	Mori Atas	Austronesian	Papunesia	105	99	65	65.66
plai1258	Plains Cree	Algic	North America	174	166	109	65.66
zays1235	Zayse-Zergulla	Ta-Ne-Omotic	Africa	171	166	109	65.66
ncan1245	Ncane-Mungong	Atlantic-Congo	Africa	131	131	86	65.65
blab1237	Blablanga	Austronesian	Papunesia	169	163	107	65.64
ware1253	Warembori	Austronesian	Papunesia	170	163	107	65.64
arop1243	Arop-Lokep	Austronesian	Papunesia	161	160	105	65.62
dier1241	Dieri	Pama-Nyungan	Australia	66	64	42	65.62
lowe1412	Tanudan Kalinga	Austronesian	Papunesia	64	64	42	65.62
teiw1235	Teiwa	Timor-Alor-Pantar	Papunesia	32	32	21	65.62
keda1252	Kedang	Austronesian	Papunesia	162	157	103	65.61
nort2828	North Moluccan Malay	Austronesian	Papunesia	164	157	103	65.61
rotu1241	Rotuman	Austronesian	Papunesia	163	157	103	65.61
xava1240	Xavánte	Nuclear-Macro-Je	South America	163	157	103	65.61
pura1257	Purari		Papunesia	158	154	101	65.58
tulu1258	Tulu	Dravidian	Eurasia	163	154	101	65.58
west2548	West Damar	Austronesian	Papunesia	163	154	101	65.58
bang1363	Bangime		Africa	127	122	80	65.57
papu1250	Papuan Malay	Austronesian	Papunesia	191	183	120	65.57
bauz1241	Bauzi	Geelvink Bay	Papunesia	93	90	59	65.56
bekw1241	Bekwarra	Atlantic-Congo	Africa	157	151	99	65.56
west2600	West Makian	North Halmahera	Papunesia	151	151	99	65.56
yayg1236	Yaygir	Pama-Nyungan	Australia	154	151	99	65.56
wann1242	Wan	Mande	Africa	124	119	78	65.55
lumu1239	Lumun	Narrow Talodi	Africa	187	177	116	65.54
madn1237	Madngele	Eastern Daly	Australia	152	148	97	65.54
tera1251	Tera	Afro-Asiatic	Africa	152	148	97	65.54
west2594	Western Dani	Nuclear Trans New Guinea	Papunesia	188	177	116	65.54
caro1242	Carolinian	Austronesian	Papunesia	154	145	95	65.52
furr1244	Fur	Furan	Africa	182	174	114	65.52
jiba1237	Jiba	Atlantic-Congo	Africa	120	116	76	65.52
kama1370	Kamano	Nuclear Trans New Guinea	Papunesia	116	116	76	65.52
kelo1247	Klon	Timor-Alor-Pantar	Papunesia	91	87	57	65.52
maku1277	Maku'a	Austronesian	Papunesia	29	29	19	65.52
mari1428	Marik	Austronesian	Papunesia	153	145	95	65.52
sout2896	Eastern Atadei	Austronesian	Papunesia	116	116	76	65.52
hawa1245	Hawaiian	Austronesian	Papunesia	181	171	112	65.5
huar1255	Huarijio	Uto-Aztecan	North America	181	171	112	65.5
huic1243	Huichol	Uto-Aztecan	North America	179	171	112	65.5
penr1237	Māngarongaro	Austronesian	Papunesia	117	113	74	65.49
alab1237	Alabama	Muskogean	North America	177	168	110	65.48
seve1240	Severn Ojibwa	Algic	North America	176	168	110	65.48
east2485	Eastern Penan	Austronesian	Papunesia	147	139	91	65.47
lama1288	Lamang	Afro-Asiatic	Africa	143	139	91	65.47
lewo1242	Lewo	Austronesian	Papunesia	173	165	108	65.45
tiga1245	Tigak	Austronesian	Papunesia	171	165	108	65.45
wath1238	Wathawurrung	Pama-Nyungan	Australia	55	55	36	65.45
wyan1247	Huron-Wyandot	Iroquoian	North America	111	110	72	65.45
bhoj1244	Bhojpuri	Indo-European	Eurasia	171	162	106	65.43
shwe1236	Shwe Palaung	Austroasiatic	Eurasia	167	162	106	65.43
cent2004	Central Bai	Sino-Tibetan	Eurasia	162	159	104	65.41
khan1274	Kháng	Austroasiatic	Eurasia	168	159	104	65.41
khva1239	Khwarshi-Inkhoqwari	Nakh-Daghestanian	Eurasia	169	159	104	65.41
nubi1253	Nubi	Afro-Asiatic	Africa	168	159	104	65.41
pima1248	Pima Bajo	Uto-Aztecan	North America	163	159	104	65.41
chuv1255	Chuvash	Turkic	Eurasia	193	182	119	65.38
mwag1236	Mwaghavul	Afro-Asiatic	Africa	192	182	119	65.38
saar1237	Saaroa	Austronesian	Papunesia	192	182	119	65.38
waja1259	Waja	Atlantic-Congo	Africa	133	130	85	65.38
yaqu1251	Yaqui	Uto-Aztecan	North America	162	156	102	65.38
cent2142	Central Aymara	Aymaran	South America	160	153	100	65.36
mual1241	Mualang	Austronesian	Papunesia	189	179	117	65.36
mund1325	Mundang	Atlantic-Congo	Africa	190	179	117	65.36
tiko1237	Tikopia	Austronesian	Papunesia	159	153	100	65.36
high1278	Highland Puebla Nahuatl	Uto-Aztecan	North America	132	127	83	65.35
bisl1239	Bislama	Indo-European	Papunesia	185	176	115	65.34
east2447	East Futuna	Austronesian	Papunesia	187	176	115	65.34
para1301	South Wa	Austroasiatic	Eurasia	185	176	115	65.34
wuvu1239	Wuvulu-Aua	Austronesian	Papunesia	151	150	98	65.33
apma1241	Ap Ma	Keram	Papunesia	126	124	81	65.32
magu1243	Maguindanao	Austronesian	Papunesia	129	124	81	65.32
ndam1239	Ndamba	Atlantic-Congo	Africa	180	173	113	65.32
sauk1252	Ma Manda	Nuclear Trans New Guinea	Papunesia	181	173	113	65.32
ajie1238	Ajië	Austronesian	Papunesia	149	147	96	65.31
nyak1260	Nyakyusa-Ngonde	Atlantic-Congo	Africa	153	147	96	65.31
romb1245	Romblomanon	Austronesian	Papunesia	155	147	96	65.31
komi1269	Komi-Permyak	Uralic	Eurasia	181	170	111	65.29
geda1237	Gedaged	Austronesian	Papunesia	151	144	94	65.28
mama1275	Mamanwa	Austronesian	Papunesia	149	144	94	65.28
worr1237	Worrorra	Worrorran	Australia	151	144	94	65.28
kuan1248	Kuanua	Austronesian	Papunesia	174	167	109	65.27
leng1259	Lengo	Austronesian	Papunesia	172	167	109	65.27
swah1253	Swahili	Atlantic-Congo	Africa	178	167	109	65.27
urar1246	Urarina		South America	174	167	109	65.27
lala1264	Lala-Bisa	Atlantic-Congo	Africa	150	141	92	65.25
lumb1249	Lumbu	Atlantic-Congo	Africa	146	141	92	65.25
ngba1284	Ngbaka Ma'bo	Atlantic-Congo	Africa	147	141	92	65.25
mang1401	Mangareva	Austronesian	Papunesia	173	164	107	65.24
tobe1252	Tobelo	North Halmahera	Papunesia	173	164	107	65.24
gada1258	Ga'dang	Austronesian	Papunesia	70	69	45	65.22
gilb1244	Gilbertese	Austronesian	Papunesia	171	161	105	65.22
mara1396	Mararit	Tamaic	Africa	92	92	60	65.22
onge1236	Önge	Jarawa-Onge	Eurasia	46	46	30	65.22
alab1254	Alaba-K'abeena	Afro-Asiatic	Africa	192	181	118	65.19
fina1242	Finallig	Austronesian	Papunesia	164	158	103	65.19
mala1464	Malayalam	Dravidian	Eurasia	192	181	118	65.19
rutu1240	Rutul	Nakh-Daghestanian	Eurasia	143	135	88	65.19
tong1308	Maniq	Austroasiatic	Eurasia	163	158	103	65.19
west2396	Western Lawa	Austroasiatic	Eurasia	190	181	118	65.19
west2516	West Uvean	Austronesian	Papunesia	189	181	118	65.19
xinc1246	Xinca-Guazacapan	Xincan	North America	164	158	103	65.19
bula1255	Bularnu	Pama-Nyungan	Australia	114	112	73	65.18
dege1246	Degema	Atlantic-Congo	Africa	189	178	116	65.17
mesc1238	Mescalero-Chiricahua Apache	Athabaskan-Eyak-Tlingit	North America	92	89	58	65.17
moba1244	Moba	Atlantic-Congo	Africa	185	178	116	65.17
isna1241	Isnag	Austronesian	Papunesia	163	155	101	65.16
tusc1257	Tuscarora	Iroquoian	North America	158	155	101	65.16
diri1252	Diriku-Shambyu	Atlantic-Congo	Africa	137	132	86	65.15
marg1265	Marghi Central	Afro-Asiatic	Africa	184	175	114	65.14
cent2091	Central Palawano	Austronesian	Papunesia	90	86	56	65.12
nama1264	Nama (Namibia)	Khoe-Kwadi	Africa	91	86	56	65.12
umii1235	Umiida-Unggarangu	Worrorran	Australia	88	86	56	65.12
kota1263	Kota (India)	Dravidian	Eurasia	158	149	97	65.1
manm1238	Man Met	Austroasiatic	Eurasia	150	149	97	65.1
psik1239	Psikye	Afro-Asiatic	Africa	154	149	97	65.1
cent1989	Central Khmer	Austroasiatic	Eurasia	177	169	110	65.09
seda1262	Sedang	Austroasiatic	Eurasia	178	169	110	65.09
mana1295	Manam	Austronesian	Papunesia	175	166	108	65.06
port1285	Port Sandwich	Austronesian	Papunesia	174	166	108	65.06
basa1287	Basay	Austronesian	Papunesia	106	103	67	65.05
puel1244	Puelche		South America	128	123	80	65.04
agob1244	Agob-Ende-Kawam	Pahoturi	Papunesia	194	183	119	65.03
pany1241	Panytyima	Pama-Nyungan	Australia	171	163	106	65.03
aros1241	Arosi	Austronesian	Papunesia	141	140	91	65
berb1259	Berbice Creole Dutch	Indo-European	South America	170	160	104	65
chak1271	Chakali	Atlantic-Congo	Africa	191	180	117	65
iumi1238	Iu Mien	Hmong-Mien	Eurasia	165	160	104	65
mamb1306	Mambae	Austronesian	Papunesia	169	160	104	65
sion1247	Siona-Tetete	Tucanoan	South America	62	60	39	65
masa1322	Masana	Afro-Asiatic	Africa	188	177	115	64.97
moch1257	Mocho	Mayan	North America	163	157	102	64.97
abee1242	Abé	Atlantic-Congo	Africa	142	137	89	64.96
filo1235	Filomeno Mata Totonac	Totonacan	North America	144	137	89	64.96
sora1254	Sora	Austroasiatic	Eurasia	145	137	89	64.96
okoe1238	Oko-Eni-Osayen	Atlantic-Congo	Africa	102	97	63	64.95
agut1237	Agutaynen	Austronesian	Papunesia	161	154	100	64.94
madi1260	Ma'di	Central Sudanic	Africa	185	174	113	64.94
mand1423	Manda-Matumba	Atlantic-Congo	Africa	84	77	50	64.94
ibib1240	Ibibio	Atlantic-Congo	Africa	140	134	87	64.93
chen1255	Chenchu	Dravidian	Eurasia	180	171	111	64.91
colu1241	Columbia-Wenatchi	Salishan	North America	178	171	111	64.91
yort1237	Yorta Yorta	Pama-Nyungan	Australia	57	57	37	64.91
nort2774	Northern Ngbandi	Atlantic-Congo	Africa	159	151	98	64.9
baka1274	Baka (South Sudan)	Central Sudanic	Africa	137	131	85	64.89
amii1238	Ami	Western Daly	Australia	174	168	109	64.88
mara1399	Maragus	Austronesian	Papunesia	174	168	109	64.88
cent2087	Coastal-Naga Bikol	Austronesian	Papunesia	156	148	96	64.86
jama1262	Jamaican Creole English	Indo-European	North America	157	148	96	64.86
kips1239	Kipsigis	Nilotic	Africa	156	148	96	64.86
ngam1268	Ngambay	Central Sudanic	Africa	156	148	96	64.86
tira1254	Tira	Heibanic	Africa	77	74	48	64.86
korr1238	Korra Koraga	Dravidian	Eurasia	133	128	83	64.84
mont1268	Montagnais	Algic	North America	134	128	83	64.84
sout2797	Southern Toussian	Atlantic-Congo	Africa	92	91	59	64.84
cavi1250	Cavineña	Pano-Tacanan	South America	151	145	94	64.83
glav1244	Glavda	Afro-Asiatic	Africa	149	145	94	64.83
long1395	Longgu	Austronesian	Papunesia	151	145	94	64.83
mang1404	Mangga Buang	Austronesian	Papunesia	125	125	81	64.8
onon1246	Onondaga	Iroquoian	North America	190	179	116	64.8
mans1260	Mansim	Hatam-Mansim	Papunesia	71	71	46	64.79
daka1243	Dakaka	Austronesian	Papunesia	187	176	114	64.77
nukn1238	Nukna	Nuclear Trans New Guinea	Papunesia	183	176	114	64.77
doma1260	Domaaki	Indo-European	Eurasia	144	139	90	64.75
koho1244	Koho	Austroasiatic	Eurasia	182	173	112	64.74
koti1238	Koti	Atlantic-Congo	Africa	182	173	112	64.74
nang1262	Nanggu	Austronesian	Papunesia	162	156	101	64.74
payn1244	Manat	Nuclear Trans New Guinea	Papunesia	162	156	101	64.74
anua1242	Anuak	Nilotic	Africa	71	68	44	64.71
binu1244	Talaandig-Binukid	Austronesian	Papunesia	108	102	66	64.71
nuuu1241	N||ng-Danster !Ui	Tuu	Africa	160	153	99	64.71
taga1272	Tagabawa	Austronesian	Papunesia	161	153	99	64.71
ibat1238	Ibatan	Austronesian	Papunesia	176	167	108	64.67
maib1239	Maybrat-Karon		Papunesia	174	167	108	64.67
nica1252	Nicaragua Creole English	Indo-European	North America	157	150	97	64.67
pamp1243	Pampanga	Austronesian	Papunesia	154	150	97	64.67
seme1247	Semelai	Austroasiatic	Eurasia	195	184	119	64.67
nama1268	Namakura	Austronesian	Papunesia	120	116	75	64.66
teng1272	Tengger	Austronesian	Papunesia	121	116	75	64.66
iatm1242	Iatmul	Ndu	Papunesia	191	181	117	64.64
mang1381	Mangarrayi	Mangarrayi-Maran	Australia	192	181	117	64.64
xamt1239	Xamtanga	Afro-Asiatic	Africa	189	181	117	64.64
yind1247	Yindjibarndi	Pama-Nyungan	Australia	174	164	106	64.63
pume1238	Pumé		South America	137	130	84	64.62
bebe1248	Bebele	Atlantic-Congo	Africa	184	178	115	64.61
lewo1244	Lewotobi	Austronesian	Papunesia	189	178	115	64.61
makh1264	Makhuwa	Atlantic-Congo	Africa	168	161	104	64.6
amha1245	Amharic	Afro-Asiatic	Africa	101	96	62	64.58
anga1290	Angaataha	Angan	Papunesia	131	127	82	64.57
cher1273	Cherokee	Iroquoian	North America	184	175	113	64.57
luis1253	Luiseno-Juaneño	Uto-Aztecan	North America	181	175	113	64.57
nucl1347	Wolof	Atlantic-Congo	Africa	134	127	82	64.57
kgal1244	Kgalagadi	Atlantic-Congo	Africa	169	158	102	64.56
renn1242	Rennell-Bellona	Austronesian	Papunesia	166	158	102	64.56
bemb1257	Bemba (Zambia)	Atlantic-Congo	Africa	183	172	111	64.53
mokp1239	Mokpwe	Atlantic-Congo	Africa	180	172	111	64.53
mban1263	Mbandja	Atlantic-Congo	Africa	162	155	100	64.52
orow1242	Orowe	Austronesian	Papunesia	160	155	100	64.52
wuna1249	Wunambal	Worrorran	Australia	127	124	80	64.52
beka1241	Riuk Bekati'	Austronesian	Papunesia	179	169	109	64.5
taus1251	Tausug	Austronesian	Papunesia	179	169	109	64.5
tswa1253	Tswana	Atlantic-Congo	Africa	178	169	109	64.5
cota1241	Cotabato Manobo	Austronesian	Papunesia	145	138	89	64.49
apma1240	Apma	Austronesian	Papunesia	194	183	118	64.48
mayk1239	Maykulan	Pama-Nyungan	Australia	152	152	98	64.47
gang1267	Ganggalida	Tangkic	Australia	94	90	58	64.44
kamm1249	Kam	Atlantic-Congo	Africa	191	180	116	64.44
nucl1310	Burmese	Sino-Tibetan	Eurasia	190	180	116	64.44
tanz1241	Tanzanian Ngoni	Atlantic-Congo	Africa	188	180	116	64.44
woii1237	Woi	Austronesian	Papunesia	191	180	116	64.44
bugl1243	Buglere	Chibchan	North America	157	149	96	64.43
jara1266	Jarai	Austronesian	Eurasia	156	149	96	64.43
mask1242	Maskelynes	Austronesian	Papunesia	157	149	96	64.43
chek1238	Cheke Holo	Austronesian	Papunesia	167	163	105	64.42
nort2839	North Ambrym	Austronesian	Papunesia	174	163	105	64.42
nucl1240	Mumuye	Atlantic-Congo	Africa	170	163	105	64.42
bant1288	Bantoanon	Austronesian	Papunesia	124	118	76	64.41
khan1278	Khana	Atlantic-Congo	Africa	187	177	114	64.41
lonw1238	Lonwolwol	Austronesian	Papunesia	126	118	76	64.41
urua1242	Uruava	Austronesian	Papunesia	121	118	76	64.41
wand1278	Wandala	Afro-Asiatic	Africa	188	177	114	64.41
wara1303	Warao		South America	185	177	114	64.41
bitt1240	Bit	Austroasiatic	Eurasia	153	146	94	64.38
esee1247	Ese	Koiarian	Papunesia	75	73	47	64.38
nuuc1236	Nuu-chah-nulth	Wakashan	North America	151	146	94	64.38
phon1246	Phong-Kniang	Austroasiatic	Eurasia	74	73	47	64.38
boro1282	Bororo	Bororoan	South America	184	174	112	64.37
maza1304	Mazagway	Afro-Asiatic	Africa	182	174	112	64.37
pala1344	Palauan	Austronesian	Papunesia	184	174	112	64.37
monz1249	Monzombo	Atlantic-Congo	Africa	119	115	74	64.35
khin1240	Khinalug	Nakh-Daghestanian	Eurasia	153	143	92	64.34
fuln1247	Fulniô		South America	177	171	110	64.33
guhu1244	Guhu-Samane	Nuclear Trans New Guinea	Papunesia	167	157	101	64.33
isir1237	Isirawa	Greater Kwerba	Papunesia	159	157	101	64.33
mini1251	Minigir	Austronesian	Papunesia	178	171	110	64.33
yaak1241	Yaaku	Afro-Asiatic	Africa	177	171	110	64.33
yuec1235	Yue Chinese	Sino-Tibetan	Eurasia	180	171	110	64.33
buga1250	Bugawac	Austronesian	Papunesia	191	182	117	64.29
halk1245	Halkomelem	Salishan	North America	193	182	117	64.29
kara1482	Kara (Central African Republic)	Central Sudanic	Africa	149	140	90	64.29
kons1243	Konso	Afro-Asiatic	Africa	87	84	54	64.29
loba1239	Lobala	Atlantic-Congo	Africa	98	98	63	64.29
mais1250	Maisin	Austronesian	Papunesia	176	168	108	64.29
maor1246	Maori	Austronesian	Papunesia	191	182	117	64.29
papa1268	Papar	Austronesian	Papunesia	47	42	27	64.29
samb1311	Samba Daka	Atlantic-Congo	Africa	158	154	99	64.29
west2599	West Kewa	Nuclear Trans New Guinea	Papunesia	102	98	63	64.29
west2632	Western Keres	Keresan	North America	161	154	99	64.29
digo1243	Digo	Atlantic-Congo	Africa	190	179	115	64.25
ngaa1240	Ngaanyatjarra	Pama-Nyungan	Australia	154	151	97	64.24
tong1325	Tonga (Tonga Islands)	Austronesian	Papunesia	172	165	106	64.24
udii1243	Udi	Nakh-Daghestanian	Eurasia	147	137	88	64.23
uuuu1243	U	Austroasiatic	Eurasia	139	137	88	64.23
thar1283	Tharaka	Atlantic-Congo	Africa	101	95	61	64.21
jjuu1238	Jju	Atlantic-Congo	Africa	85	81	52	64.2
juku1254	Jukun Takum	Atlantic-Congo	Africa	187	176	113	64.2
kwar1239	Kwara'ae	Austronesian	Papunesia	186	176	113	64.2
paas1238	Paasaal	Atlantic-Congo	Africa	186	176	113	64.2
sout2976	Southeastern Tepehuan	Uto-Aztecan	North America	167	162	104	64.2
tane1237	Tanema	Austronesian	Papunesia	154	148	95	64.19
awap1236	Awa (Papua New Guinea)	Nuclear Trans New Guinea	Papunesia	136	134	86	64.18
fefe1239	Fe'fe'	Atlantic-Congo	Africa	142	134	86	64.18
zagh1240	Beria	Saharan	Africa	183	173	111	64.16
kemb1249	Mateq	Austronesian	Papunesia	195	184	118	64.13
nort2795	Zimbabwean Ndebele	Atlantic-Congo	Africa	96	92	59	64.13
cici1237	Cicipu	Atlantic-Congo	Africa	172	170	109	64.12
mait1250	Maithili	Indo-European	Eurasia	180	170	109	64.12
okan1243	Okanagan	Salishan	North America	181	170	109	64.12
sema1266	Semai	Austroasiatic	Eurasia	141	131	84	64.12
mann1248	Mann	Mande	Africa	124	117	75	64.1
aleu1260	Aleut	Eskimo-Aleut	North America	192	181	116	64.09
wara1294	Anta-Komnzo-Wára-Wérè-Kémä	Yam	Papunesia	192	181	116	64.09
lowl1260	Lowland Oaxaca Chontal	Tequistlatecan	North America	173	167	107	64.07
gumu1244	Northern Gumuz	Gumuz	Africa	160	153	98	64.05
surs1246	Sursurunga	Austronesian	Papunesia	159	153	98	64.05
coca1259	Cocama-Cocamilla	Tupian	South America	188	178	114	64.04
nort2699	Northwestern Kolami	Dravidian	Eurasia	89	89	57	64.04
trio1238	Trió	Cariban	South America	188	178	114	64.04
cent2084	Central Cagayan Agta	Austronesian	Papunesia	174	164	105	64.02
yano1261	Yanomamö	Yanomamic	South America	172	164	105	64.02
baha1260	Bahamas Creole English	Indo-European	North America	103	100	64	64
idii1243	Idi-Taeme	Pahoturi	Papunesia	185	175	112	64
mamb1296	Mambwe-Lungu	Atlantic-Congo	Africa	141	136	87	63.97
lote1237	Lote	Austronesian	Papunesia	178	172	110	63.95
arak1252	Araki	Austronesian	Papunesia	194	183	117	63.93
cent2127	Central Alaskan Yupik	Eskimo-Aleut	North America	194	183	117	63.93
nort2942	North Slavey	Athabaskan-Eyak-Tlingit	North America	194	183	117	63.93
sout2959	South Slavey	Athabaskan-Eyak-Tlingit	North America	194	183	117	63.93
anta1255	Antankarana Malagasy	Austronesian	Africa	102	97	62	63.92
chec1245	Chechen	Nakh-Daghestanian	Eurasia	168	158	101	63.92
rata1244	Ratahan	Austronesian	Papunesia	166	158	101	63.92
lauu1247	Lau	Austronesian	Papunesia	141	133	85	63.91
toke1240	Tokelau	Austronesian	Papunesia	178	169	108	63.91
elip1238	Elip	Atlantic-Congo	Africa	111	108	69	63.89
gaga1249	Gagauz	Turkic	Eurasia	188	180	115	63.89
idum1241	Idu	Sino-Tibetan	Eurasia	151	144	92	63.89
koon1244	South-Central Koongo	Atlantic-Congo	Africa	153	144	92	63.89
nalc1240	Nalca	Nuclear Trans New Guinea	Papunesia	108	108	69	63.89
tuba1278	Tübatulabal	Uto-Aztecan	North America	152	144	92	63.89
tuwu1238	Tuwuli	Atlantic-Congo	Africa	191	180	115	63.89
xara1244	Xârâcùù	Austronesian	Papunesia	189	180	115	63.89
aulu1238	Aulua	Austronesian	Papunesia	160	155	99	63.87
elna1235	El Nayar Cora	Uto-Aztecan	North America	162	155	99	63.87
ghod1238	Godoberi	Nakh-Daghestanian	Eurasia	165	155	99	63.87
hang1263	Hanga Hundi	Ndu	Papunesia	161	155	99	63.87
mboc1235	Mbo (Cameroon)	Atlantic-Congo	Africa	161	155	99	63.87
hone1235	Hõne	Atlantic-Congo	Africa	177	166	106	63.86
kara1486	Kara (Papua New Guinea)	Austronesian	Papunesia	177	166	106	63.86
tetu1245	Tetum	Austronesian	Papunesia	87	83	53	63.86
west2557	Western Subanon	Austronesian	Papunesia	175	166	106	63.86
mudu1242	Muduapa	Austronesian	Papunesia	186	177	113	63.84
natu1246	Natügu	Austronesian	Papunesia	96	94	60	63.83
suda1237	South Sudanese Creole Arabic	Afro-Asiatic	Africa	151	141	90	63.83
hote1245	Hote	Austronesian	Papunesia	162	152	97	63.82
kola1285	Kola	Austronesian	Papunesia	156	152	97	63.82
male1289	Maleu-Kilenge	Austronesian	Papunesia	154	152	97	63.82
kele1259	Keley-i Kallahan	Austronesian	Papunesia	170	163	104	63.8
mull1237	Mullukmulluk	Northern Daly	Australia	169	163	104	63.8
irar1238	Irarutu	Austronesian	Papunesia	184	174	111	63.79
mbul1263	Mbula	Austronesian	Papunesia	183	174	111	63.79
saya1246	Saya	Afro-Asiatic	Africa	121	116	74	63.79
taji1246	Tajio	Austronesian	Papunesia	184	174	111	63.79
miri1266	Miriwung	Jarrakan	Australia	142	138	88	63.77
sata1237	Satawalese	Austronesian	Papunesia	140	138	88	63.77
dido1241	Tsez	Nakh-Daghestanian	Eurasia	170	160	102	63.75
ashe1272	Ashéninka Perené	Arawakan	South America	193	182	116	63.74
geba1237	Geba Karen	Sino-Tibetan	Eurasia	193	182	116	63.74
mlab1235	Mlabri	Austroasiatic	Eurasia	182	171	109	63.74
muru1274	Murui Huitoto	Huitotoan	South America	182	171	109	63.74
ngan1295	Ngandi	Gunwinyguan	Australia	95	91	58	63.74
tehu1242	Tehuelche	Chonan	South America	182	171	109	63.74
yuch1247	Yuchi		North America	175	171	109	63.74
chin1286	Clatsop-Shoalwater Chinook	Chinookan	North America	164	157	100	63.69
kala1384	Kalanga	Atlantic-Congo	Africa	164	157	100	63.69
maco1239	Maco	Saliban	South America	163	157	100	63.69
mara1378	Marathi	Indo-European	Eurasia	190	179	114	63.69
mosi1247	Akie	Nilotic	Africa	167	157	100	63.69
pile1238	Vaeakau-Taumako	Austronesian	Papunesia	184	179	114	63.69
sene1264	Seneca	Iroquoian	North America	174	168	107	63.69
bara1361	Barambu	Atlantic-Congo	Africa	128	121	77	63.64
loup1243	Loup A	Algic	North America	132	132	84	63.64
lowe1427	Lower Chehalis	Salishan	North America	148	143	91	63.64
moro1289	Marori		Papunesia	105	99	63	63.64
nali1244	Nalik	Austronesian	Papunesia	174	165	105	63.64
nalo1235	Nalögo	Austronesian	Papunesia	33	33	21	63.64
tete1251	Tetelcingo Nahuatl	Uto-Aztecan	North America	173	165	105	63.64
wira1265	Wirangu	Pama-Nyungan	Australia	66	66	42	63.64
hoaa1235	Amkoe	Kxa	Africa	193	184	117	63.59
lule1254	Lule Saami	Uralic	Eurasia	195	184	117	63.59
even1259	Evenki	Tungusic	Eurasia	158	151	96	63.58
koda1255	Kodava	Dravidian	Eurasia	182	173	110	63.58
komb1274	Kombai	Nuclear Trans New Guinea	Papunesia	182	173	110	63.58
naue1237	Nauete	Austronesian	Papunesia	183	173	110	63.58
turk1303	Turkic Khalaj	Turkic	Eurasia	171	162	103	63.58
bura1292	Bura-Pabir	Afro-Asiatic	Africa	147	140	89	63.57
limo1249	Limonese Creole	Indo-European	North America	143	140	89	63.57
akaj1239	Akajeru	Great Andamanese	Eurasia	99	96	61	63.54
yima1243	Yimas	Lower Sepik-Ramu	Papunesia	100	96	61	63.54
konk1267	Konkan Marathi	Indo-European	Eurasia	180	170	108	63.53
koyr1242	Koyraboro Senni Songhai	Songhay	Africa	168	159	101	63.52
moco1246	Mocoví	Guaicuruan	South America	169	159	101	63.52
dhar1248	Dharumbal	Pama-Nyungan	Australia	74	74	47	63.51
piji1239	Pijin	Indo-European	Papunesia	154	148	94	63.51
nade1244	Nadëb	Naduhup	South America	64	63	40	63.49
yano1262	Yanomám	Yanomamic	South America	65	63	40	63.49
bert1248	Berta		Africa	119	115	73	63.48
high1243	Highland Totonac	Totonacan	North America	120	115	73	63.48
paam1238	Paama	Austronesian	Papunesia	117	115	73	63.48
cakf1236	Cakfem-Mushere-Jibyal	Afro-Asiatic	Africa	173	167	106	63.47
yura1255	Yuracaré		South America	177	167	106	63.47
lara1258	Laragia		Australia	108	104	66	63.46
mido1240	Midob	Nubian	Africa	55	52	33	63.46
sius1254	Siuslaw		North America	165	156	99	63.46
lega1249	Lega-Shabunda	Atlantic-Congo	Africa	153	145	92	63.45
hyam1245	Hyam	Atlantic-Congo	Africa	93	93	59	63.44
argo1244	Argobba	Afro-Asiatic	Africa	184	175	111	63.43
loni1238	Loniu	Austronesian	Papunesia	185	175	111	63.43
nyan1307	Nyankole	Atlantic-Congo	Africa	185	175	111	63.43
west2369	Western Farsi	Indo-European	Eurasia	183	175	111	63.43
tekt1235	Tektiteko	Mayan	North America	170	164	104	63.41
adze1240	Adzera	Austronesian	Papunesia	158	153	97	63.4
damp1237	Dampelas	Austronesian	Papunesia	159	153	97	63.4
kunj1245	Kunjen	Pama-Nyungan	Australia	163	153	97	63.4
kala1388	Kalagan	Austronesian	Papunesia	150	142	90	63.38
liji1238	Lijili	Atlantic-Congo	Africa	180	172	109	63.37
nyor1246	Nyoro	Atlantic-Congo	Africa	180	172	109	63.37
gobu1238	Gobu	Atlantic-Congo	Africa	141	131	83	63.36
mbaa1245	Mba	Atlantic-Congo	Africa	137	131	83	63.36
moun1252	Mountain Koiali	Koiarian	Papunesia	168	161	102	63.35
bili1260	Bilin	Afro-Asiatic	Africa	157	150	95	63.33
erzy1239	Erzya	Uralic	Eurasia	190	180	114	63.33
kali1308	Kalispel-Pend d'Oreille	Salishan	North America	160	150	95	63.33
lard1243	Lardil	Tangkic	Australia	94	90	57	63.33
ling1265	Neverver	Austronesian	Papunesia	157	150	95	63.33
acol1236	Acoli	Nilotic	Africa	179	169	107	63.31
guah1255	Guahibo	Guahiboan	South America	179	169	107	63.31
kwom1262	Kwoma	Sepik	Papunesia	174	169	107	63.31
lule1238	Lule		South America	146	139	88	63.31
nyal1254	Belep	Austronesian	Papunesia	180	169	107	63.31
giry1241	Giryama	Atlantic-Congo	Africa	83	79	50	63.29
bugh1239	Bughotu	Austronesian	Papunesia	131	128	81	63.28
chuu1238	Chuukese	Austronesian	Papunesia	132	128	81	63.28
zulg1242	Zulgo-Gemzek	Afro-Asiatic	Africa	133	128	81	63.28
noku1237	Nokuku	Austronesian	Papunesia	156	147	93	63.27
poko1263	Pökoot	Nilotic	Africa	153	147	93	63.27
gude1246	Gude	Afro-Asiatic	Africa	176	166	105	63.25
iton1250	Itonama		South America	170	166	105	63.25
ivat1242	Itbayat	Austronesian	Papunesia	176	166	105	63.25
siri1274	Siriano	Tucanoan	South America	122	117	74	63.25
waig1244	Waigeo	Austronesian	Papunesia	176	166	105	63.25
kwin1241	Kwini	Worrorran	Australia	160	155	98	63.23
nyam1285	Nyam	Afro-Asiatic	Africa	160	155	98	63.23
arta1239	Arta	Austronesian	Papunesia	184	174	110	63.22
kala1399	Kalaallisut	Eskimo-Aleut	North America	182	174	110	63.22
lang1324	Lango (Uganda)	Nilotic	Africa	90	87	55	63.22
nzak1247	Nzakara	Atlantic-Congo	Africa	130	125	79	63.2
koro1298	Koromfé	Atlantic-Congo	Africa	191	182	115	63.19
mbay1241	Mbay	Central Sudanic	Africa	173	163	103	63.19
noon1243	Noone	Atlantic-Congo	Africa	172	163	103	63.19
rapa1245	Mangaia-Old Rapa	Austronesian	Papunesia	193	182	115	63.19
cemu1238	Cemuhî	Austronesian	Papunesia	180	171	108	63.16
fipa1238	Fipa	Atlantic-Congo	Africa	120	114	72	63.16
hinu1240	Hinuq	Nakh-Daghestanian	Eurasia	99	95	60	63.16
koon1245	Koonzime	Atlantic-Congo	Africa	133	133	84	63.16
lugu1238	Luguru	Atlantic-Congo	Africa	177	171	108	63.16
nila1242	Nilamba	Atlantic-Congo	Africa	162	152	96	63.16
piap1246	Piapoco	Arawakan	South America	59	57	36	63.16
sang1331	Sanga (Democratic Republic of Congo)	Atlantic-Congo	Africa	162	152	96	63.16
keoo1238	Kéo	Austronesian	Papunesia	187	179	113	63.13
nene1249	Tundra Nenets	Uralic	Eurasia	190	179	113	63.13
boro1277	Boro (Ethiopia)	Ta-Ne-Omotic	Africa	176	168	106	63.1
pott1240	Pottangi Ollar Gadaba	Dravidian	Eurasia	85	84	53	63.1
sars1236	Sarsi	Athabaskan-Eyak-Tlingit	North America	176	168	106	63.1
suku1259	Suku	Atlantic-Congo	Africa	134	130	82	63.08
fuyu1242	Fuyug	Goilalan	Papunesia	180	176	111	63.07
leme1238	Lemerig	Austronesian	Papunesia	164	157	99	63.06
owaa1237	Owa	Austronesian	Papunesia	161	157	99	63.06
yare1248	Yareba	Yareban	Papunesia	159	157	99	63.06
cupe1243	Cupeño	Uto-Aztecan	North America	48	46	29	63.04
pite1240	Pite Saami	Uralic	Eurasia	195	184	116	63.04
sout2807	Southern Sotho	Atlantic-Congo	Africa	184	173	109	63.01
west2392	Western Mari	Uralic	Eurasia	153	146	92	63.01
papa1238	Papantla Totonac	Totonacan	North America	128	127	80	62.99
awad1243	Awadhi	Indo-European	Eurasia	173	162	102	62.96
bolo1262	Boloki	Atlantic-Congo	Africa	144	135	85	62.96
gusi1247	Gusii	Atlantic-Congo	Africa	173	162	102	62.96
maqu1238	Ye'kwana	Cariban	South America	56	54	34	62.96
ngur1261	Wilson River (Grey Range)	Pama-Nyungan	Australia	29	27	17	62.96
sabu1255	Hawu	Austronesian	Papunesia	172	162	102	62.96
whit1269	Whitesands	Austronesian	Papunesia	167	162	102	62.96
zigu1244	Zigula-Mushungulu	Atlantic-Congo	Africa	54	54	34	62.96
band1344	Banda-Bambari	Atlantic-Congo	Africa	176	170	107	62.94
malu1245	Malua Bay	Austronesian	Papunesia	173	170	107	62.94
wotu1240	Wotu	Austronesian	Papunesia	180	170	107	62.94
birr1240	Birri	Central Sudanic	Africa	120	116	73	62.93
kaon1241	Kaonde	Atlantic-Congo	Africa	120	116	73	62.93
yaou1238	Yaouré	Mande	Africa	130	124	78	62.9
pulu1242	Puluwatese	Austronesian	Papunesia	166	159	100	62.89
sele1250	Selepet	Nuclear Trans New Guinea	Papunesia	101	97	61	62.89
siks1238	Siksika	Algic	North America	162	159	100	62.89
lozi1239	Lozi	Atlantic-Congo	Africa	137	132	83	62.88
orok1266	Oroko	Atlantic-Congo	Africa	139	132	83	62.88
gali1262	Galibi Carib	Cariban	South America	173	167	105	62.87
soga1242	Soga	Atlantic-Congo	Africa	181	175	110	62.86
temo1245	Temoaya Otomi	Otomanguean	North America	146	140	88	62.86
samo1305	Samoan	Austronesian	Papunesia	193	183	115	62.84
seim1238	Seimat	Austronesian	Papunesia	192	183	115	62.84
rovi1238	Roviana	Austronesian	Papunesia	161	156	98	62.82
tabo1241	Tabo		Papunesia	165	156	98	62.82
warr1255	Warrgamay	Pama-Nyungan	Australia	80	78	49	62.82
bara1369	Bara Malagasy	Austronesian	Africa	126	121	76	62.81
mara1404	Maranao	Austronesian	Papunesia	128	121	76	62.81
iron1242	Iron Ossetian	Indo-European	Eurasia	172	164	103	62.8
pipi1250	Pipil	Uto-Aztecan	North America	170	164	103	62.8
tigo1236	Tigon Mbembe	Atlantic-Congo	Africa	173	164	103	62.8
samo1303	Samo	East Strickland	Papunesia	44	43	27	62.79
koko1269	Kokota	Austronesian	Papunesia	190	180	113	62.78
vera1241	Vera'a	Austronesian	Papunesia	191	180	113	62.78
alam1246	Alamblak	Sepik	Papunesia	98	94	59	62.77
yako1252	Yakoma	Atlantic-Congo	Africa	143	137	86	62.77
ahom1240	Ahom	Tai-Kadai	Eurasia	178	169	106	62.72
kank1243	Kankanaey	Austronesian	Papunesia	180	169	106	62.72
louu1245	Lou	Austronesian	Papunesia	176	169	106	62.72
teke1275	Latege	Atlantic-Congo	Africa	180	169	106	62.72
tiri1258	Tiri-Mea	Austronesian	Papunesia	188	177	111	62.71
avat1244	Avatime	Atlantic-Congo	Africa	130	126	79	62.7
komo1260	Komo (Democratic Republic of Congo)	Atlantic-Congo	Africa	135	134	84	62.69
mwan1247	Mwani	Atlantic-Congo	Africa	157	150	94	62.67
xinc1243	Xinca-Yupiltepeque	Xincan	North America	154	150	94	62.67
boly1239	Bolyu	Austroasiatic	Eurasia	166	158	99	62.66
budz1238	Budza	Atlantic-Congo	Africa	166	158	99	62.66
wood1236	Woods Cree	Algic	North America	162	158	99	62.66
bafi1243	Bafia	Atlantic-Congo	Africa	173	166	104	62.65
luya1241	Luyi	Atlantic-Congo	Africa	172	166	104	62.65
ngba1285	Ngbaka Minagende	Atlantic-Congo	Africa	168	166	104	62.65
alag1248	Alagwa	Afro-Asiatic	Africa	183	174	109	62.64
bafu1246	Bafut	Atlantic-Congo	Africa	190	182	114	62.64
balu1257	Paluai	Austronesian	Papunesia	193	182	114	62.64
carn1240	Car Nicobarese	Austroasiatic	Eurasia	184	174	109	62.64
gayo1244	Gayo	Austronesian	Papunesia	193	182	114	62.64
gela1263	Gela	Austronesian	Papunesia	181	174	109	62.64
khas1269	Khasi	Austroasiatic	Eurasia	180	174	109	62.64
kich1262	K'iche'	Mayan	North America	180	174	109	62.64
nopa1235	Nopala Chatino	Otomanguean	North America	179	174	109	62.64
tsam1247	Tsamai	Afro-Asiatic	Africa	185	174	109	62.64
warl1256	Warluwara	Pama-Nyungan	Australia	95	91	57	62.64
pali1279	Palikúr	Arawakan	South America	111	107	67	62.62
touo1238	Touo		Papunesia	109	107	67	62.62
buol1237	Buol	Austronesian	Papunesia	117	115	72	62.61
duru1236	Duruwa	Dravidian	Eurasia	121	115	72	62.61
umaa1242	Uma	Austronesian	Papunesia	123	115	72	62.61
bure1242	Bure	Afro-Asiatic	Africa	124	123	77	62.6
pare1272	Parecís	Arawakan	South America	144	139	87	62.59
kwam1249	Gwama	Koman	Africa	171	163	102	62.58
gyel1242	Gyele	Atlantic-Congo	Africa	190	179	112	62.57
niua1240	Niuafo'ou	Austronesian	Papunesia	182	171	107	62.57
abui1241	Abui	Timor-Alor-Pantar	Papunesia	100	96	60	62.5
baba1264	Baba	Atlantic-Congo	Africa	147	144	90	62.5
barg1252	Bargam	Nuclear Trans New Guinea	Papunesia	152	144	90	62.5
beem1239	Beembe	Atlantic-Congo	Africa	144	136	85	62.5
bora1263	Bora	Boran	South America	173	168	105	62.5
elem1253	Eleme	Atlantic-Congo	Africa	140	136	85	62.5
furu1242	Furu	Central Sudanic	Africa	127	120	75	62.5
haru1245	Haruai	Piawi	Papunesia	178	168	105	62.5
iwai1244	Iwaidja	Iwaidjan Proper	Australia	66	64	40	62.5
libi1244	Libinza	Atlantic-Congo	Africa	134	128	80	62.5
lihi1237	Lihir	Austronesian	Papunesia	143	136	85	62.5
loka1252	Lokaa	Atlantic-Congo	Africa	162	160	100	62.5
nort2775	Northwest Gbaya	Atlantic-Congo	Africa	135	128	80	62.5
nyat1246	Nyaturu	Atlantic-Congo	Africa	160	152	95	62.5
timn1235	Timne	Atlantic-Congo	Africa	166	160	100	62.5
wala1266	Wala	Austronesian	Papunesia	150	144	90	62.5
xink1235	Xinka-Jumaytepeque	Xincan	North America	150	144	90	62.5
yeyi1239	Yeyi	Atlantic-Congo	Africa	102	96	60	62.5
roto1249	Rotokas	North Bougainville	Papunesia	179	173	108	62.43
ingu1240	Ingush	Nakh-Daghestanian	Eurasia	166	157	98	62.42
neng1238	Nengone	Austronesian	Papunesia	169	165	103	62.42
tsis1238	Salka-Tsishingini	Atlantic-Congo	Africa	164	157	98	62.42
vunj1238	Vunjo	Atlantic-Congo	Africa	165	157	98	62.42
arig1246	Arigidi	Atlantic-Congo	Africa	142	141	88	62.41
kosr1238	Kosraean	Austronesian	Papunesia	188	178	111	62.36
saka1289	Wanohe	Austronesian	Papunesia	187	178	111	62.36
tahi1242	Tahitian	Austronesian	Papunesia	188	178	111	62.36
anei1239	Aneityum	Austronesian	Papunesia	180	170	106	62.35
jama1261	Madi	Arawan	South America	170	162	101	62.35
ulit1238	Ulithian	Austronesian	Papunesia	177	170	106	62.35
bulu1251	Bulu (Cameroon)	Atlantic-Congo	Africa	164	154	96	62.34
mend1266	Mende (Sierra Leone)	Mande	Africa	80	77	48	62.34
hehe1240	Hehe	Atlantic-Congo	Africa	144	138	86	62.32
araw1276	Lokono	Arawakan	South America	136	130	81	62.31
east2330	Eastern Lawa	Austroasiatic	Eurasia	194	183	114	62.3
guat1253	Guató		South America	127	122	76	62.3
zaye1235	Lahta-Zayein Karen	Sino-Tibetan	Eurasia	193	183	114	62.3
akoo1248	Akoose	Atlantic-Congo	Africa	185	175	109	62.29
arop1242	Arop-Sissano	Austronesian	Papunesia	164	159	99	62.26
dadi1250	Dadibi	Teberan	Papunesia	164	159	99	62.26
buru1296	Burushaski		Eurasia	159	151	94	62.25
buru1303	Buru (Indonesia)	Austronesian	Papunesia	102	98	61	62.24
asut1235	Asu (Tanzania)	Atlantic-Congo	Africa	140	135	84	62.22
kina1250	Kinaray-a	Austronesian	Papunesia	143	135	84	62.22
malo1243	Tamambo	Austronesian	Papunesia	189	180	112	62.22
nese1235	Nese	Austronesian	Papunesia	191	180	112	62.22
tauy1241	Tauya	Nuclear Trans New Guinea	Papunesia	94	90	56	62.22
seke1241	Seke (Vanuatu)	Austronesian	Papunesia	175	172	107	62.21
sume1241	Sumerian		Eurasia	167	156	97	62.18
xinc1242	Xinca-Chiquimulilla	Xincan	North America	162	156	97	62.18
jita1239	Jita	Atlantic-Congo	Africa	75	74	46	62.16
ticu1245	Ticuna	Ticuna-Yuri	South America	154	148	92	62.16
arap1274	Arapaho	Algic	North America	188	177	110	62.15
urip1239	Uripiv-Wala-Rano-Atchin	Austronesian	Papunesia	188	177	110	62.15
nort2877	Northern Kankanay	Austronesian	Papunesia	149	140	87	62.14
sier1248	Sierra Negra Nahuatl	Uto-Aztecan	North America	145	140	87	62.14
vano1237	Lovono	Austronesian	Papunesia	146	140	87	62.14
bala1315	Balantak	Austronesian	Papunesia	178	169	105	62.13
mand1440	Mandara	Austronesian	Papunesia	177	169	105	62.13
konz1239	Konzo	Atlantic-Congo	Africa	133	132	82	62.12
meri1244	Meriam	Eastern Trans-Fly	Papunesia	99	95	59	62.11
puyu1239	Puyuma	Austronesian	Papunesia	99	95	59	62.11
brib1243	Bribri	Chibchan	North America	163	153	95	62.09
bayo1255	Kugere-Kuxinge	Atlantic-Congo	Africa	58	58	36	62.07
ghar1239	Ghari	Austronesian	Papunesia	151	145	90	62.07
sekp1241	Sekpele	Atlantic-Congo	Africa	94	87	54	62.07
shek1245	Sheko	Dizoid	Africa	90	87	54	62.07
moki1238	Mokilese	Austronesian	Papunesia	171	166	103	62.05
tbol1240	Tboli	Austronesian	Papunesia	174	166	103	62.05
east2694	Eastern Subanen	Austronesian	Papunesia	109	108	67	62.04
bali1278	Balinese	Austronesian	Papunesia	167	158	98	62.03
casi1235	Casiguran-Nagtipunan Agta	Austronesian	Papunesia	133	129	80	62.02
puka1242	Pukapuka	Austronesian	Papunesia	154	150	93	62
kera1255	Kera	Afro-Asiatic	Africa	178	171	106	61.99
sele1249	Selee	Atlantic-Congo	Africa	128	121	75	61.98
bond1247	Bondei	Atlantic-Congo	Africa	151	142	88	61.97
kair1263	Kairiru	Austronesian	Papunesia	73	71	44	61.97
kapi1249	Kapingamarangi	Austronesian	Papunesia	72	71	44	61.97
karn1252	Karnai	Austronesian	Papunesia	142	142	88	61.97
rikb1245	Rikbaktsa	Nuclear-Macro-Je	South America	149	142	88	61.97
abua1245	Abu' Arapesh	Nuclear Torricelli	Papunesia	170	163	101	61.96
gaga1251	Gaagudju		Australia	169	163	101	61.96
midd1357	Middle Clarence Bandjalang	Pama-Nyungan	Australia	96	92	57	61.96
nenn1238	Nen	Yam	Papunesia	195	184	114	61.96
soma1255	Somali	Afro-Asiatic	Africa	97	92	57	61.96
gaan1243	Ga'anda	Afro-Asiatic	Africa	140	134	83	61.94
tote1238	Totela	Atlantic-Congo	Africa	161	155	96	61.94
wola1253	Wolane	Afro-Asiatic	Africa	165	155	96	61.94
bier1244	Bierebo	Austronesian	Papunesia	186	176	109	61.93
mart1255	Martuthunira	Pama-Nyungan	Australia	184	176	109	61.93
mend1268	Mende (Papua New Guinea)	Sepik	Papunesia	87	84	52	61.9
nort2957	Northern Puebla Nahuatl	Uto-Aztecan	North America	153	147	91	61.9
otor1240	Otoro	Heibanic	Africa	88	84	52	61.9
sela1260	Selayar	Austronesian	Papunesia	135	126	78	61.9
uppe1275	Upper Necaxa Totonac	Totonacan	North America	176	168	104	61.9
nort2684	Northern Khmer	Austroasiatic	Eurasia	191	181	112	61.88
paul1238	Paulohi	Austronesian	Papunesia	170	160	99	61.88
biaf1240	Biafada	Atlantic-Congo	Africa	123	118	73	61.86
sida1246	Sidamo	Afro-Asiatic	Africa	104	97	60	61.86
desa1247	Desano	Tucanoan	South America	180	173	107	61.85
keme1240	Kemezung	Atlantic-Congo	Africa	135	131	81	61.83
lund1266	Lunda	Atlantic-Congo	Africa	150	144	89	61.81
cham1312	Chamorro	Austronesian	Papunesia	188	178	110	61.8
haaa1252	Ha	Atlantic-Congo	Africa	187	178	110	61.8
heil1246	Heiltsuk-Oowekyala	Wakashan	North America	126	123	76	61.79
west2624	Western Huasteca Nahuatl	Uto-Aztecan	North America	128	123	76	61.79
maja1242	Majang	Surmic	Africa	163	157	97	61.78
mako1251	Makonde	Atlantic-Congo	Africa	164	157	97	61.78
ngar1283	Ngarnka	Mirndi	Australia	162	157	97	61.78
macu1260	Macuna	Tucanoan	South America	177	170	105	61.76
mose1249	Mosetén-Chimané		South America	179	170	105	61.76
kxoe1243	Kxoe	Khoe-Kwadi	Africa	194	183	113	61.75
kiku1240	Kikuyu	Atlantic-Congo	Africa	160	149	92	61.74
lega1250	Lega-Mwenga	Atlantic-Congo	Africa	120	115	71	61.74
chip1241	Chippewa	Algic	North America	171	162	100	61.73
sooo1256	Soo	Kuliak	Africa	82	81	50	61.73
yapu1240	Yeri	Nuclear Torricelli	Papunesia	163	162	100	61.73
gura1251	Gurani	Indo-European	Eurasia	128	128	79	61.72
kagu1239	Kagulu	Atlantic-Congo	Africa	186	175	108	61.71
rere1240	Rerep	Austronesian	Papunesia	147	141	87	61.7
dagb1246	Dagbani	Atlantic-Congo	Africa	177	167	103	61.68
fare1241	Farefare	Atlantic-Congo	Africa	174	167	103	61.68
jaru1254	Jaru	Pama-Nyungan	Australia	61	60	37	61.67
otta1242	Ottawa	Algic	North America	190	180	111	61.67
sout2912	Coastal-Virac Bikol	Austronesian	Papunesia	128	120	74	61.67
torr1261	Torres Strait-Lockhart River Creole	Indo-European	Australia	190	180	111	61.67
bomk1234	Bom-Kim	Atlantic-Congo	Africa	140	133	82	61.65
viet1252	Vietnamese	Austroasiatic	Eurasia	140	133	82	61.65
bata1289	Batak Toba	Austronesian	Papunesia	168	159	98	61.64
pang1287	Pangwa	Atlantic-Congo	Africa	167	159	98	61.64
siwi1239	Siwi	Afro-Asiatic	Africa	168	159	98	61.64
zaca1241	Zacatlán-Ahuacatlán-Tepetzintla Nahuatl	Uto-Aztecan	North America	164	159	98	61.64
buru1320	Burunge	Afro-Asiatic	Africa	180	172	106	61.63
mbol1247	Mbole	Atlantic-Congo	Africa	89	86	53	61.63
yems1235	Yemsa	Ta-Ne-Omotic	Africa	182	172	106	61.63
atii1237	Ati	Austronesian	Papunesia	115	112	69	61.61
beli1260	Belize Kriol English	Indo-European	North America	130	125	77	61.6
kamb1316	Kambaata	Afro-Asiatic	Africa	132	125	77	61.6
lame1260	Lamenu	Austronesian	Papunesia	126	125	77	61.6
luse1252	Lusengo	Atlantic-Congo	Africa	131	125	77	61.6
ayiw1239	Äiwoo	Austronesian	Papunesia	172	164	101	61.59
lamb1269	Lambadi	Indo-European	Eurasia	155	151	93	61.59
fiji1243	Fijian	Austronesian	Papunesia	187	177	109	61.58
here1253	Herero	Atlantic-Congo	Africa	187	177	109	61.58
amap1240	Ama (Papua New Guinea)	Left May	Papunesia	163	156	96	61.54
boun1243	Bouna Kulango	Atlantic-Congo	Africa	179	169	104	61.54
chac1251	Chácobo	Pano-Tacanan	South America	176	169	104	61.54
macu1259	Macushi	Cariban	South America	66	65	40	61.54
mikm1235	Mi'kmaq	Algic	North America	179	169	104	61.54
ndog1248	Ndogo	Atlantic-Congo	Africa	177	169	104	61.54
nots1237	Notsi	Austronesian	Papunesia	147	143	88	61.54
suen1241	Suena	Nuclear Trans New Guinea	Papunesia	94	91	56	61.54
teop1238	Teop	Austronesian	Papunesia	149	143	88	61.54
wira1262	Wiradhuri	Pama-Nyungan	Australia	14	13	8	61.54
luva1239	Luvale	Atlantic-Congo	Africa	169	161	99	61.49
muso1238	Musom	Austronesian	Papunesia	150	148	91	61.49
koro1313	Koromira	South Bougainville	Papunesia	127	122	75	61.48
mian1256	Mian	Nuclear Trans New Guinea	Papunesia	100	96	59	61.46
lill1248	Lillooet	Salishan	North America	190	179	110	61.45
raro1241	Southern Cook Island Maori	Austronesian	Papunesia	173	166	102	61.45
nepa1254	Nepali	Indo-European	Eurasia	162	153	94	61.44
kron1241	Krongo	Kadugli-Krongo	Africa	75	70	43	61.43
saam1283	Saamia	Atlantic-Congo	Africa	134	127	78	61.42
axam1237	Axamb	Austronesian	Papunesia	195	184	113	61.41
esto1258	Estonian	Uralic	Eurasia	195	184	113	61.41
sout2674	South Saami	Uralic	Eurasia	195	184	113	61.41
chuw1238	Chuwabu	Atlantic-Congo	Africa	180	171	105	61.4
lele1276	Lele (Chad)	Afro-Asiatic	Africa	164	158	97	61.39
nort2671	North Saami	Uralic	Eurasia	167	158	97	61.39
jehh1245	Jeh	Austroasiatic	Eurasia	139	132	81	61.36
mauw1238	Mauwake	Nuclear Trans New Guinea	Papunesia	92	88	54	61.36
paez1247	Páez		South America	45	44	27	61.36
pnar1238	Pnar	Austroasiatic	Eurasia	183	176	108	61.36
remo1247	Hatang Kayi	Austronesian	Papunesia	135	132	81	61.36
dhar1247	Dhargari	Pama-Nyungan	Australia	77	75	46	61.33
kwai1243	Kwaio	Austronesian	Papunesia	191	181	111	61.33
ludi1246	Ludian	Uralic	Eurasia	192	181	111	61.33
nuer1246	Nuer	Nilotic	Africa	158	150	92	61.33
dand1238	Dandami Maria	Dravidian	Eurasia	161	155	95	61.29
sout2859	Southeast Ambrym	Austronesian	Papunesia	124	124	76	61.29
keig1242	Keiga	Kadugli-Krongo	Africa	148	142	87	61.27
quio1240	Quiotepec Chinantec	Otomanguean	North America	182	173	106	61.27
shon1251	Shona	Atlantic-Congo	Africa	182	173	106	61.27
gira1247	Girawa	Nuclear Trans New Guinea	Papunesia	169	160	98	61.25
hind1269	Hindi	Indo-European	Eurasia	187	178	109	61.24
matu1259	Matumbi	Atlantic-Congo	Africa	134	129	79	61.24
patp1243	Patpatar	Austronesian	Papunesia	187	178	109	61.24
tief1244	Tiefo-Nyafogo-Numudara	Atlantic-Congo	Africa	186	178	109	61.24
saga1262	Sagalla	Atlantic-Congo	Africa	152	147	90	61.22
soli1239	Soli	Atlantic-Congo	Africa	101	98	60	61.22
bund1253	Bundeli	Indo-European	Eurasia	173	165	101	61.21
magd1235	Magdalena Peñasco Mixtec	Otomanguean	North America	173	165	101	61.21
vure1239	Vurës	Austronesian	Papunesia	194	183	112	61.2
ngal1296	Ngala-Santandrea	Atlantic-Congo	Africa	67	67	41	61.19
como1259	Comox	Salishan	North America	177	170	104	61.18
tuva1244	Tuvalu	Austronesian	Papunesia	179	170	104	61.18
kera1248	Keerak	Atlantic-Congo	Africa	128	121	74	61.16
suku1261	Sukuma	Atlantic-Congo	Africa	128	121	74	61.16
aghe1239	Aghem	Atlantic-Congo	Africa	180	175	107	61.14
ilia1236	Ilianen Manobo	Austronesian	Papunesia	18	18	11	61.11
ilok1237	Iloko	Austronesian	Papunesia	94	90	55	61.11
mars1254	Marshallese	Austronesian	Papunesia	152	144	88	61.11
tsog1243	Tsogo	Atlantic-Congo	Africa	167	162	99	61.11
umbu1235	Umbugarla		Australia	126	126	77	61.11
caac1237	Caac	Austronesian	Papunesia	151	149	91	61.07
mbug1242	Mbugwe	Atlantic-Congo	Africa	117	113	69	61.06
tora1259	Torau	Austronesian	Papunesia	119	113	69	61.06
aghu1255	Aghu	Nuclear Trans New Guinea	Papunesia	175	172	105	61.05
hixk1239	Hixkaryána	Cariban	South America	162	154	94	61.04
jeha1242	Jehai	Austroasiatic	Eurasia	162	154	94	61.04
nucl1458	Monumbo	Bogia	Papunesia	161	154	94	61.04
cent2100	Central Dusun	Austronesian	Papunesia	138	136	83	61.03
pate1247	Patep	Austronesian	Papunesia	142	136	83	61.03
yaka1272	Yaka (Central African Republic)	Atlantic-Congo	Africa	140	136	83	61.03
tima1241	Tima	Katla-Tima	Africa	61	59	36	61.02
sana1297	San Andres Creole English	Indo-European	North America	168	159	97	61.01
toab1237	To'abaita	Austronesian	Papunesia	193	182	111	60.99
maka1311	Makasar	Austronesian	Papunesia	86	82	50	60.98
nucl1327	Limilngan	Limilngan-Wulna	Australia	167	164	100	60.98
ronn1241	Ron	Afro-Asiatic	Africa	169	164	100	60.98
tagb1258	Tagbanwa	Austronesian	Papunesia	42	41	25	60.98
anfi1235	Anfillo	Ta-Ne-Omotic	Africa	108	105	64	60.95
nort2847	North Tanna	Austronesian	Papunesia	128	128	78	60.94
sara1327	Sarangani Manobo	Austronesian	Papunesia	130	128	78	60.94
makh1266	Makhuwa-Saka	Atlantic-Congo	Africa	158	151	92	60.93
djam1256	Djambarrpuyngu	Pama-Nyungan	Australia	91	87	53	60.92
kett1243	Ket	Yeniseian	Eurasia	183	174	106	60.92
nucl1460	Madurese	Austronesian	Papunesia	91	87	53	60.92
orya1242	Orya	Tor-Orya	Papunesia	91	87	53	60.92
yuca1254	Yucatec Maya	Mayan	North America	189	179	109	60.89
kaya1319	Kayardild	Tangkic	Australia	96	92	56	60.87
kora1294	Korafe-Yegha	Nuclear Trans New Guinea	Papunesia	96	92	56	60.87
koro1312	Korowai	Nuclear Trans New Guinea	Papunesia	96	92	56	60.87
labe1239	Label	Austronesian	Papunesia	70	69	42	60.87
laiy1246	Laiyolo	Austronesian	Papunesia	123	115	70	60.87
livv1243	Livvi	Uralic	Eurasia	195	184	112	60.87
tido1248	Tidore	North Halmahera	Papunesia	96	92	56	60.87
ugar1238	Ugaritic	Afro-Asiatic	Eurasia	168	161	98	60.87
dehu1237	Dehu	Austronesian	Papunesia	150	143	87	60.84
dobe1238	Dobel	Austronesian	Papunesia	145	143	87	60.84
east2690	Eastern Egyptian Bedawi Arabic	Afro-Asiatic	Eurasia	147	143	87	60.84
tean1237	Teanu	Austronesian	Papunesia	147	143	87	60.84
rapo1238	Rapoisi	North Bougainville	Papunesia	101	97	59	60.82
shil1265	Shilluk	Nilotic	Africa	182	171	104	60.82
sout2857	Nahavaq	Austronesian	Papunesia	180	171	104	60.82
suab1238	Suabo	Inanwatan	Papunesia	101	97	59	60.82
ughe1237	Ughele	Austronesian	Papunesia	182	171	104	60.82
mwer1248	Mwera (Chimwera)	Atlantic-Congo	Africa	153	148	90	60.81
taia1239	Taiap		Papunesia	151	148	90	60.81
west2466	Western Karaboro	Atlantic-Congo	Africa	185	176	107	60.8
juho1239	South-Eastern Ju	Kxa	Africa	57	51	31	60.78
osam1235	Osamayi	Atlantic-Congo	Africa	105	102	62	60.78
baur1253	Baure	Arawakan	South America	168	158	96	60.76
naba1256	Nabak	Nuclear Trans New Guinea	Papunesia	82	79	48	60.76
tuki1240	Tuki	Atlantic-Congo	Africa	160	158	96	60.76
cori1240	Cori	Atlantic-Congo	Africa	139	135	82	60.74
naka1262	Nakanai	Austronesian	Papunesia	173	163	99	60.74
pagi1243	Pagibete	Atlantic-Congo	Africa	170	163	99	60.74
tita1241	Titan	Austronesian	Papunesia	173	163	99	60.74
tula1252	Tula	Atlantic-Congo	Africa	167	163	99	60.74
bine1240	Bine	Eastern Trans-Fly	Papunesia	88	84	51	60.71
bura1267	Burarra	Maningrida	Australia	87	84	51	60.71
kari1254	Kariri		South America	177	168	102	60.71
oroh1237	Oroha	Austronesian	Papunesia	118	112	68	60.71
unea1237	Uneapa	Austronesian	Papunesia	87	84	51	60.71
waor1240	Waorani		South America	150	145	88	60.69
ilaa1246	Ila	Atlantic-Congo	Africa	124	117	71	60.68
isth1240	Isthmus-Cosoleacaque Nahuatl	Uto-Aztecan	North America	151	150	91	60.67
kens1248	Kensiu	Austroasiatic	Eurasia	164	155	94	60.65
meng1267	Mengen	Austronesian	Papunesia	98	94	57	60.64
nucl1630	Barai	Koiarian	Papunesia	168	160	97	60.62
bata1293	Batak Karo	Austronesian	Papunesia	103	99	60	60.61
bekw1242	Bekwil	Atlantic-Congo	Africa	100	99	60	60.61
tina1248	Tinà Sambal	Austronesian	Papunesia	141	137	83	60.58
gunw1252	Bininj Kun-Wok	Gunwinyguan	Australia	191	180	109	60.56
niva1238	Nivaclé	Matacoan	South America	188	180	109	60.56
oldk1249	Old Khmer	Austroasiatic	Eurasia	147	142	86	60.56
yand1253	Yandruwandha	Pama-Nyungan	Australia	72	71	43	60.56
laal1242	Laal		Africa	154	147	89	60.54
zamb1245	Zamba	Atlantic-Congo	Africa	152	147	89	60.54
daak1235	Da'a Kaili	Austronesian	Papunesia	123	114	69	60.53
gida1247	Gidar	Afro-Asiatic	Africa	80	76	46	60.53
sham1280	Shambala	Atlantic-Congo	Africa	118	114	69	60.53
sout1549	Southeastern Kolami	Dravidian	Eurasia	76	76	46	60.53
akka1240	Akkadian	Afro-Asiatic	Eurasia	167	157	95	60.51
cent1990	Central Nicobarese	Austroasiatic	Eurasia	169	162	98	60.49
kolc1235	Kol (Cameroon)	Atlantic-Congo	Africa	170	162	98	60.49
nucl1594	Mairasi	Mairasic	Papunesia	84	81	49	60.49
vwan1235	Vwanji	Atlantic-Congo	Africa	129	124	75	60.48
anci1244	Ancient Hebrew	Afro-Asiatic	Eurasia	182	172	104	60.47
hula1244	Hulaulá	Afro-Asiatic	Eurasia	182	172	104	60.47
kima1244	Kimaragang	Austronesian	Papunesia	90	86	52	60.47
tago1246	Tagoi	Rashad	Africa	107	106	64	60.38
abar1238	Mungbam	Atlantic-Congo	Africa	180	169	102	60.36
esan1238	Esan	Atlantic-Congo	Africa	123	116	70	60.34
kuma1276	Nêlêmwa-Nixumwak	Austronesian	Papunesia	189	179	108	60.34
tojo1241	Tojolabal	Mayan	North America	195	184	111	60.33
maas1239	Maasina Fulfulde	Atlantic-Congo	Africa	133	126	76	60.32
waga1260	Wagaya	Pama-Nyungan	Australia	134	131	79	60.31
lamb1273	Lamboya	Austronesian	Papunesia	139	136	82	60.29
sali1253	Salinan		North America	141	136	82	60.29
belu1239	Belueli	Atlantic-Congo	Africa	73	73	44	60.27
bank1256	Bankon	Atlantic-Congo	Africa	78	78	47	60.26
ghan1242	Ghanongga	Austronesian	Papunesia	166	156	94	60.26
ofay1240	Ofayé	Nuclear-Macro-Je	South America	160	151	91	60.26
mang1405	Manggarai	Austronesian	Papunesia	168	161	97	60.25
dumb1241	Dumbea	Austronesian	Papunesia	173	166	100	60.24
kuan1247	Kuanyama	Atlantic-Congo	Africa	173	166	100	60.24
moni1237	Mangue	Otomanguean	North America	84	83	50	60.24
naur1243	Nauru	Austronesian	Papunesia	173	166	100	60.24
imon1245	Imonda	Border	Papunesia	91	88	53	60.23
tawa1275	Tawala	Austronesian	Papunesia	96	93	56	60.22
tune1261	Tunen	Atlantic-Congo	Africa	98	93	56	60.22
anin1240	Anindilyakwa	Gunwinyguan	Australia	102	98	59	60.2
mbal1255	Central Wambo	Atlantic-Congo	Africa	100	98	59	60.2
apur1254	Apurinã	Arawakan	South America	155	148	89	60.14
east2782	Eastern Kikongo	Atlantic-Congo	Africa	156	148	89	60.14
gola1255	Gola	Atlantic-Congo	Africa	150	143	86	60.14
lowl1265	Lowland Tarahumara	Uto-Aztecan	North America	164	158	95	60.13
icel1247	Icelandic	Indo-European	Eurasia	184	173	104	60.12
lish1245	Lishanid Noshan	Afro-Asiatic	Eurasia	177	168	101	60.12
nort2845	North Marquesan	Austronesian	Papunesia	178	168	101	60.12
yele1255	Yele		Papunesia	175	168	101	60.12
abip1241	Abipon	Guaicuruan	South America	129	125	75	60
bats1242	Bats	Nakh-Daghestanian	Eurasia	148	140	84	60
cebu1242	Cebuano	Austronesian	Papunesia	84	80	48	60
cent1972	Central Kurdish	Indo-European	Eurasia	15	15	9	60
hozo1236	Hozo	Blue Nile Mao	Africa	87	85	51	60
kute1248	Kutep	Atlantic-Congo	Africa	163	155	93	60
maon1241	Maonan	Tai-Kadai	Eurasia	94	90	54	60
meta1238	Meta'	Atlantic-Congo	Africa	159	155	93	60
mund1328	Mundabli-Mufu	Atlantic-Congo	Africa	184	175	105	60
nden1248	Ndengereko	Atlantic-Congo	Africa	88	85	51	60
noma1260	Nomaande	Atlantic-Congo	Africa	118	115	69	60
nucl1706	Neo-Mandaic	Afro-Asiatic	Eurasia	159	150	90	60
obom1235	Obo Manobo	Austronesian	Papunesia	54	50	30	60
saaa1241	Sa	Austronesian	Papunesia	162	155	93	60
sand1278	San Dionisio del Mar Huave	Huavean	North America	184	175	105	60
umbu1257	Umbundu	Atlantic-Congo	Africa	153	145	87	60
viem1243	Viemo	Atlantic-Congo	Africa	151	150	90	60
mara1386	Maranunggu	Western Daly	Australia	173	167	100	59.88
urav1235	Ura (Vanuatu)	Austronesian	Papunesia	169	162	97	59.88
yong1280	Yonggom	Nuclear Trans New Guinea	Papunesia	176	167	100	59.88
mang1394	Mangbetu	Central Sudanic	Africa	154	147	88	59.86
bidy1244	Kanyaki-Kagbaaga-Kajoko Bidyogo	Atlantic-Congo	Africa	138	132	79	59.85
idom1241	Idoma	Atlantic-Congo	Africa	144	137	82	59.85
ilon1239	Ilongot	Austronesian	Papunesia	145	137	82	59.85
pamb1243	Pambia	Atlantic-Congo	Africa	131	122	73	59.84
ache1245	Acheron	Narrow Talodi	Africa	120	117	70	59.83
balo1261	Loi-Likila	Atlantic-Congo	Africa	117	117	70	59.83
beja1238	Beja	Afro-Asiatic	Africa	121	117	70	59.83
buna1278	Bunak	Timor-Alor-Pantar	Papunesia	96	92	55	59.78
finn1318	Finnish	Uralic	Eurasia	195	184	110	59.78
haro1237	Haroi	Austronesian	Eurasia	95	92	55	59.78
kobo1249	Kobon	Nuclear Trans New Guinea	Papunesia	96	92	55	59.78
tibe1274	Tibea	Atlantic-Congo	Africa	95	92	55	59.78
bush1247	Bushoong	Atlantic-Congo	Africa	184	174	104	59.77
daww1239	Dâw	Naduhup	South America	89	87	52	59.77
kaqc1270	Kaqchikel	Mayan	North America	183	174	104	59.77
mezq1235	Mezquital Otomi	Otomanguean	North America	185	174	104	59.77
nami1256	Namia	Sepik	Papunesia	85	82	49	59.76
salt1242	Salt-Yui	Nuclear Trans New Guinea	Papunesia	85	82	49	59.76
siee1239	Sie	Austronesian	Papunesia	166	159	95	59.75
gros1243	Gros Ventre	Algic	North America	161	154	92	59.74
komc1235	Kom (Cameroon)	Atlantic-Congo	Africa	158	149	89	59.73
tata1257	Tatana	Austronesian	Papunesia	155	149	89	59.73
rumu1243	Rumu	Turama-Kikori	Papunesia	73	72	43	59.72
bubi1250	Bubi	Atlantic-Congo	Africa	144	139	83	59.71
tani1257	Tanimuca-Retuarã	Tucanoan	South America	69	67	40	59.7
zenz1235	Zenzontepec Chatino	Otomanguean	North America	134	129	77	59.69
kawi1241	Kawi	Austronesian	Papunesia	128	124	74	59.68
tawa1286	Tawallammat Tamajaq	Afro-Asiatic	Africa	127	119	71	59.66
hait1244	Haitian	Indo-European	North America	180	171	102	59.65
mich1245	Michoacán Nahuatl	Uto-Aztecan	North America	177	171	102	59.65
oldm1243	Old Malay	Austronesian	Papunesia	119	114	68	59.65
cowl1242	Cowlitz	Salishan	North America	175	166	99	59.64
beel1236	Beele	Afro-Asiatic	Africa	52	52	31	59.62
mera1242	Meramera	Austronesian	Papunesia	54	52	31	59.62
esim1238	Esimbi	Atlantic-Congo	Africa	154	146	87	59.59
livv1244	Liv	Uralic	Eurasia	194	183	109	59.56
goem1240	Goemai	Afro-Asiatic	Africa	92	89	53	59.55
miya1266	Miya	Afro-Asiatic	Africa	187	178	106	59.55
mpad1242	Mpade	Afro-Asiatic	Africa	187	178	106	59.55
rita1239	Ritarungo	Pama-Nyungan	Australia	93	89	53	59.55
west2644	Western Highland Chatino	Otomanguean	North America	188	178	106	59.55
arib1241	Aribwatsa	Austronesian	Papunesia	121	121	72	59.5
stan1318	Standard Arabic	Afro-Asiatic	Eurasia	167	158	94	59.49
meru1245	Meru	Atlantic-Congo	Africa	162	153	91	59.48
rapa1244	Rapanui	Austronesian	Papunesia	163	153	91	59.48
bela1256	Belanda Bor	Nilotic	Africa	76	74	44	59.46
hler1235	Hlersu	Sino-Tibetan	Eurasia	74	74	44	59.46
sand1273	Sandawe		Africa	76	74	44	59.46
mono1270	Mono (Democratic Republic of Congo)	Atlantic-Congo	Africa	149	143	85	59.44
aghw1237	Aghwan	Nakh-Daghestanian	Eurasia	147	138	82	59.42
zapa1253	Záparo	Zaparoan	South America	144	138	82	59.42
dera1248	Dera (Nigeria)	Afro-Asiatic	Africa	178	170	101	59.41
kwam1252	Kwamera	Austronesian	Papunesia	176	170	101	59.41
kuot1243	Kuot		Papunesia	174	165	98	59.39
seng1281	Sengseng	Austronesian	Papunesia	100	96	57	59.38
shaw1249	Shawnee	Algic	North America	168	160	95	59.38
moii1235	Moi (Indonesia)	West Bird's Head	Papunesia	125	123	73	59.35
nati1244	Nati	Austronesian	Papunesia	127	123	73	59.35
quer1236	Querétaro Otomi	Otomanguean	North America	184	177	105	59.32
kova1243	Kovai	Nuclear Trans New Guinea	Papunesia	88	86	51	59.3
ngar1284	Ngarinyin	Worrorran	Australia	181	172	102	59.3
yany1243	Yanyuwa	Pama-Nyungan	Australia	90	86	51	59.3
hebr1245	Modern Hebrew	Afro-Asiatic	Eurasia	167	157	93	59.24
jina1244	Jina	Afro-Asiatic	Africa	161	157	93	59.24
lena1238	Lenakel	Austronesian	Papunesia	195	184	109	59.24
mehe1243	Mehek	Sepik	Papunesia	165	157	93	59.24
quil1240	Quileute	Chimakuan	North America	165	157	93	59.24
bret1244	Breton	Indo-European	Eurasia	189	179	106	59.22
beng1282	Benga	Atlantic-Congo	Africa	132	125	74	59.2
malt1254	Maltese	Afro-Asiatic	Eurasia	173	164	97	59.15
zaca1242	Zacatepec Chatino	Otomanguean	North America	170	164	97	59.15
dard1243	Dar Daju Daju	Dajuic	Africa	93	93	55	59.14
achi1256	Achi	Mayan	North America	164	159	94	59.12
baro1253	Barok	Austronesian	Papunesia	165	159	94	59.12
coat1243	Coatlán Zapotec	Otomanguean	North America	166	159	94	59.12
ikkk1242	Ik	Kuliak	Africa	167	159	94	59.12
clas1250	Classical Nahuatl	Uto-Aztecan	North America	185	176	104	59.09
geru1240	Geruma	Afro-Asiatic	Africa	66	66	39	59.09
nyan1301	Nyangumarta	Pama-Nyungan	Australia	68	66	39	59.09
yane1238	Yanesha'	Arawakan	South America	114	110	65	59.09
lakk1252	Lak	Nakh-Daghestanian	Eurasia	158	149	88	59.06
hali1244	Halia	Austronesian	Papunesia	172	166	98	59.04
sout2826	Southern Grebo	Kru	Africa	85	83	49	59.04
sapo1253	Saposa	Austronesian	Papunesia	145	144	85	59.03
west2763	Western Neo-Aramaic	Afro-Asiatic	Eurasia	149	144	85	59.03
mayo1261	Mayogo	Atlantic-Congo	Africa	168	161	95	59.01
wole1240	Woleaian	Austronesian	Papunesia	145	139	82	58.99
nisg1240	Nisga'a	Tsimshian	North America	162	156	92	58.97
paaa1242	Pa'a	Afro-Asiatic	Africa	183	173	102	58.96
kurt1248	Kurtokha	Sino-Tibetan	Eurasia	98	95	56	58.95
tsou1248	Tsou	Austronesian	Papunesia	99	95	56	58.95
ghad1239	Ghadames	Afro-Asiatic	Africa	160	151	89	58.94
tong1318	Tonga (Zambia)	Atlantic-Congo	Africa	160	151	89	58.94
bila1255	Bila	Atlantic-Congo	Africa	134	129	76	58.91
cayu1262	Cayubaba		South America	131	129	76	58.91
taki1248	Takia	Austronesian	Papunesia	93	90	53	58.89
toba1268	Toba-Maskoy	Lengua-Mascoy	South America	190	180	106	58.89
veps1250	Veps	Uralic	Eurasia	188	180	106	58.89
yala1266	Yalahatan-Haruru-Awaiya	Austronesian	Papunesia	51	51	30	58.82
yuro1248	Yurok	Algic	North America	153	148	87	58.78
curr1243	Curripaco	Arawakan	South America	101	97	57	58.76
taga1270	Tagalog	Austronesian	Papunesia	101	97	57	58.76
bagv1239	Bagvalal	Nakh-Daghestanian	Eurasia	170	160	94	58.75
java1254	Javanese	Austronesian	Papunesia	84	80	47	58.75
mopa1243	Mopán Maya	Mayan	North America	166	160	94	58.75
ndun1249	Ndunga	Atlantic-Congo	Africa	127	126	74	58.73
waja1257	Wajarri	Pama-Nyungan	Australia	65	63	37	58.73
yaka1269	Yaka-Pelende-Lonzo	Atlantic-Congo	Africa	109	109	64	58.72
hung1275	Hung	Austroasiatic	Eurasia	142	138	81	58.7
indo1316	Indonesian	Austronesian	Papunesia	96	92	54	58.7
ingr1248	Ingrian	Uralic	Eurasia	195	184	108	58.7
panj1256	Eastern Panjabi	Indo-European	Eurasia	195	184	108	58.7
ukaa1243	Ukaan	Atlantic-Congo	Africa	46	46	27	58.7
moro1285	Moro	Heibanic	Africa	77	75	44	58.67
gheg1238	Gheg Albanian	Indo-European	Eurasia	188	179	105	58.66
copa1237	Copala Triqui	Otomanguean	North America	171	162	95	58.64
duna1248	Duna		Papunesia	91	87	51	58.62
mere1242	Merei	Austronesian	Papunesia	183	174	102	58.62
yawa1261	Yawalapití	Arawakan	South America	58	58	34	58.62
cros1244	Cross River Mbembe	Atlantic-Congo	Africa	164	157	92	58.6
dupa1235	Dupaninan Agta	Austronesian	Papunesia	164	157	92	58.6
agus1235	Agusan Manobo	Austronesian	Papunesia	103	99	58	58.59
gbay1288	Kresh-Woro	Kresh-Aja	Africa	134	128	75	58.59
wamb1258	Wambayan	Mirndi	Australia	103	99	58	58.59
bann1247	Bannoni	Austronesian	Papunesia	72	70	41	58.57
sanb1241	San Baltazar Loxicha Zapotec	Otomanguean	North America	147	140	82	58.57
sanm1301	San Marcos Tlalcoyalco Popoloca	Otomanguean	North America	141	140	82	58.57
suba1238	Suba	Atlantic-Congo	Africa	111	111	65	58.56
ndam1251	Ndam	Afro-Asiatic	Africa	41	41	24	58.54
pula1263	Pulaar	Atlantic-Congo	Africa	130	123	72	58.54
unaa1239	Una	Nuclear Trans New Guinea	Papunesia	85	82	48	58.54
turk1308	Turkana	Nilotic	Africa	99	94	55	58.51
bini1246	Bini	Atlantic-Congo	Africa	177	171	100	58.48
lush1252	Northern Lushootseed	Salishan	North America	182	171	100	58.48
faro1244	Faroese	Indo-European	Eurasia	194	183	107	58.47
beto1236	Betoi-Jirara		South America	130	130	76	58.46
tuca1252	Tucano	Tucanoan	South America	67	65	38	58.46
ying1247	Yinggarda	Pama-Nyungan	Australia	65	65	38	58.46
ambu1247	Ambulas	Ndu	Papunesia	91	89	52	58.43
aram1253	Arammba	Yam	Papunesia	92	89	52	58.43
paiw1248	Paiwan	Austronesian	Papunesia	92	89	52	58.43
yess1239	Yessan-Mayo	Sepik	Papunesia	92	89	52	58.43
holo1240	Holoholo	Atlantic-Congo	Africa	144	137	80	58.39
bala1316	Balade	Austronesian	Papunesia	152	144	84	58.33
bare1279	Barain	Afro-Asiatic	Africa	125	120	70	58.33
eton1253	Eton-Mengisa	Atlantic-Congo	Africa	115	108	63	58.33
hadz1240	Hadza		Africa	190	180	105	58.33
limo1248	Limos Kalinga	Austronesian	Papunesia	114	108	63	58.33
lith1251	Lithuanian	Indo-European	Eurasia	191	180	105	58.33
nugu1242	Nugunu (Cameroon)	Atlantic-Congo	Africa	86	84	49	58.33
ocot1244	Ocotlán Zapotec	Otomanguean	North America	97	96	56	58.33
djee1236	Djeebbana	Maningrida	Australia	182	175	102	58.29
wari1268	Wari'	Chapacuran	South America	184	175	102	58.29
ukra1253	Ukrainian	Indo-European	Eurasia	171	163	95	58.28
bell1243	Bella Coola	Salishan	North America	191	182	106	58.24
east2440	East Makian	Austronesian	Papunesia	95	91	53	58.24
sout2989	Southern Lengua	Lengua-Mascoy	South America	193	182	106	58.24
gala1264	Galambu	Afro-Asiatic	Africa	79	79	46	58.23
lafo1243	Lafofa		Africa	68	67	39	58.21
neha1247	Nehan	Austronesian	Papunesia	139	134	78	58.21
kili1267	Kilivila	Austronesian	Papunesia	187	177	103	58.19
soch1239	Sochiapam Chinantec	Otomanguean	North America	187	177	103	58.19
tama1365	Tamasheq	Afro-Asiatic	Africa	186	177	103	58.19
baha1259	Baharna Arabic	Afro-Asiatic	Eurasia	147	141	82	58.16
bilu1245	Bilua		Papunesia	102	98	57	58.16
trin1274	Trinitario-Javeriano-Loretano	Arawakan	South America	146	141	82	58.16
muss1246	Mussau-Emira	Austronesian	Papunesia	90	86	50	58.14
nige1253	Hausa States Fulfulde	Atlantic-Congo	Africa	136	129	75	58.14
gulf1241	Gulf Arabic	Afro-Asiatic	Eurasia	154	148	86	58.11
sanj1284	Western Tlacolula Valley Zapotec	Otomanguean	North America	152	148	86	58.11
kunb1251	Kunbarlang	Gunwinyguan	Australia	190	179	104	58.1
afad1236	Afade	Afro-Asiatic	Africa	62	62	36	58.06
sasa1249	Sasak	Austronesian	Papunesia	150	143	83	58.04
tuwa1243	Tuwali Ifugao	Austronesian	Papunesia	192	181	105	58.01
kwaz1243	Kwaza		South America	159	150	87	58
arom1237	Aromanian	Indo-European	Eurasia	165	157	91	57.96
east2556	Eastern Highland Otomi	Otomanguean	North America	164	157	91	57.96
kana1288	Kanasi	Dagan	Papunesia	92	88	51	57.95
bafa1247	Bafaw-Balong	Atlantic-Congo	Africa	130	126	73	57.94
hlai1239	Hlai	Tai-Kadai	Eurasia	99	95	55	57.89
nyal1250	Nyali	Atlantic-Congo	Africa	118	114	66	57.89
saka1291	West Malagasy Sakalava	Austronesian	Africa	137	133	77	57.89
siar1238	Siar-Lak	Austronesian	Papunesia	87	83	48	57.83
hert1241	Hertevin	Afro-Asiatic	Eurasia	64	64	37	57.81
kash1277	Kashmiri	Indo-European	Eurasia	184	173	100	57.8
thai1261	Thai	Tai-Kadai	Eurasia	101	97	56	57.73
bodo1272	Bodo (Central African Republic)	Atlantic-Congo	Africa	26	26	15	57.69
dagi1241	Dagik	Narrow Talodi	Africa	167	156	90	57.69
tivv1240	Tiv	Atlantic-Congo	Africa	110	104	60	57.69
atam1239	Atampaya	Pama-Nyungan	Australia	87	85	49	57.65
iaai1238	Iaai	Austronesian	Papunesia	178	170	98	57.65
kusa1251	Kusaghe-Njela	Austronesian	Papunesia	177	170	98	57.65
sici1248	Sicilian	Indo-European	Eurasia	179	170	98	57.65
bouy1240	Bouyei	Tai-Kadai	Eurasia	95	92	53	57.61
motl1237	Mwotlap	Austronesian	Papunesia	195	184	106	57.61
noma1263	Nomatsiguenga	Arawakan	South America	96	92	53	57.61
stan1293	English	Indo-European	Eurasia	195	184	106	57.61
ajas1235	Aja (South Sudan)	Kresh-Aja	Africa	130	125	72	57.6
bube1242	Bube	Atlantic-Congo	Africa	135	132	76	57.58
bata1285	Batanga	Atlantic-Congo	Africa	113	106	61	57.55
itza1241	Itzá	Mayan	North America	188	179	103	57.54
hili1240	Hiligaynon	Austronesian	Papunesia	77	73	42	57.53
bare1276	Baré	Arawakan	South America	117	113	65	57.52
musg1254	Musgu	Afro-Asiatic	Africa	118	113	65	57.52
yavi1244	Yavitero-Pareni	Arawakan	South America	117	113	65	57.52
taha1241	Tahaggart Tamahaq	Afro-Asiatic	Africa	176	167	96	57.49
asha1243	Asháninka	Arawakan	South America	91	87	50	57.47
niue1239	Niuean	Austronesian	Papunesia	137	134	77	57.46
olde1238	Old English (ca. 450-1100)	Indo-European	Eurasia	191	181	104	57.46
hoav1238	Hoava	Austronesian	Papunesia	176	169	97	57.4
dutc1256	Dutch	Indo-European	Eurasia	187	176	101	57.39
fili1244	Filipino	Austronesian	Papunesia	186	176	101	57.39
tika1246	Tikar	Atlantic-Congo	Africa	192	183	105	57.38
land1256	Landoma	Atlantic-Congo	Africa	137	129	74	57.36
bang1354	Bobangi	Atlantic-Congo	Africa	151	143	82	57.34
huaa1248	East Taa	Tuu	Africa	164	157	90	57.32
mamm1241	Mam	Mayan	North America	179	171	98	57.31
oloo1241	Olo	Nuclear Torricelli	Papunesia	178	171	98	57.31
bwat1240	Bwatoo	Austronesian	Papunesia	188	178	102	57.3
mace1250	Macedonian	Indo-European	Eurasia	187	178	102	57.3
biak1248	Biak	Austronesian	Papunesia	100	96	55	57.29
saaa1240	Sa'a	Austronesian	Papunesia	145	138	79	57.25
apol1242	Apolista	Arawakan	South America	14	14	8	57.14
cong1236	Congo Swahili	Atlantic-Congo	Africa	111	105	60	57.14
dusn1237	Dusner	Austronesian	Papunesia	186	175	100	57.14
giiw1236	Giiwo	Afro-Asiatic	Africa	70	70	40	57.14
homa1239	Homa	Atlantic-Congo	Africa	14	14	8	57.14
xhos1239	Xhosa	Atlantic-Congo	Africa	141	133	76	57.14
zand1248	Zande	Atlantic-Congo	Africa	118	112	64	57.14
copt1239	Coptic	Afro-Asiatic	Africa	178	170	97	57.06
yatz1235	Yatzachi Zapotec	Otomanguean	North America	185	177	101	57.06
kele1255	Kele-Foma	Atlantic-Congo	Africa	128	121	69	57.02
maba1270	Mabaale	Atlantic-Congo	Africa	118	114	65	57.02
tien1242	Tiene	Atlantic-Congo	Africa	126	121	69	57.02
fore1270	Fore	Nuclear Trans New Guinea	Papunesia	97	93	53	56.99
noon1242	Noon	Atlantic-Congo	Africa	188	179	102	56.98
sout2949	Southern Kiwai	Kiwaian	Papunesia	89	86	49	56.98
swed1254	Swedish	Indo-European	Eurasia	182	172	98	56.98
egyp1253	Egyptian Arabic	Afro-Asiatic	Africa	166	158	90	56.96
cypr1248	Cypriot Arabic	Afro-Asiatic	Eurasia	142	137	78	56.93
cube1242	Cubeo	Tucanoan	South America	191	181	103	56.91
kris1246	I'saka	Sko	Papunesia	99	95	54	56.84
ngge1241	Nggem	Nuclear Trans New Guinea	Papunesia	99	95	54	56.84
paun1241	Paunaka	Arawakan	South America	99	95	54	56.84
anci1242	Ancient Greek	Indo-European	Eurasia	194	183	104	56.83
cham1315	Chamacoco	Zamucoan	South America	143	139	79	56.83
lubu1243	Lubuagan Kalinga	Austronesian	Papunesia	141	132	75	56.82
benc1235	Bench	Ta-Ne-Omotic	Africa	82	81	46	56.79
gand1255	Ganda	Atlantic-Congo	Africa	148	141	80	56.74
camp1261	Campidanese Sardinian	Indo-European	Eurasia	181	171	97	56.73
aghu1254	Aghu Tharnggalu	Pama-Nyungan	Australia	69	67	38	56.72
yong1276	Yongbei Zhuang	Tai-Kadai	Eurasia	101	97	55	56.7
pula1262	Pular	Atlantic-Congo	Africa	134	127	72	56.69
kamo1255	Kamoro	Nuclear Trans New Guinea	Papunesia	94	90	51	56.67
bani1255	Baniwa do Icana	Arawakan	South America	85	83	47	56.63
chuj1250	Chuj	Mayan	North America	171	166	94	56.63
siwu1238	Siwu	Atlantic-Congo	Africa	87	83	47	56.63
para1316	Paraujano	Arawakan	South America	53	53	30	56.6
voti1245	Votic	Uralic	Eurasia	169	159	90	56.6
warj1242	War-Jaintia	Austroasiatic	Eurasia	169	159	90	56.6
slov1268	Slovenian	Indo-European	Eurasia	192	182	103	56.59
auuu1241	Au	Nuclear Torricelli	Papunesia	159	152	86	56.58
latv1249	Latvian	Indo-European	Eurasia	184	175	99	56.57
sout2741	Southern Dong	Tai-Kadai	Eurasia	96	92	52	56.52
sant1451	Santa María Quiegolani Zapotec	Otomanguean	North America	160	154	87	56.49
cent2292	Central Bontoc	Austronesian	Papunesia	178	170	96	56.47
tosk1239	Northern Tosk Albanian	Indo-European	Eurasia	180	170	96	56.47
tata1258	Tataltepec Chatino	Otomanguean	North America	126	124	70	56.45
nant1250	Nanti	Arawakan	South America	80	78	44	56.41
sant1436	Santa María Zacatepec Mixtec	Otomanguean	North America	160	156	88	56.41
maka1304	Makaa	Atlantic-Congo	Africa	159	149	84	56.38
bunu1267	Bunun	Austronesian	Papunesia	74	71	40	56.34
liby1240	Libyan Arabic	Afro-Asiatic	Africa	167	158	89	56.33
nort3139	North Levantine Arabic	Afro-Asiatic	Eurasia	163	158	89	56.33
pila1245	Pilagá	Guaicuruan	South America	183	174	98	56.32
yana1271	Yana		North America	91	87	49	56.32
bomb1262	Bomboma	Atlantic-Congo	Africa	119	119	67	56.3
nucl1622	Marind	Anim	Papunesia	194	183	103	56.28
qanj1241	Q'anjob'al	Mayan	North America	176	169	95	56.21
siwa1245	Siwai	South Bougainville	Papunesia	93	89	50	56.18
mixt1426	Mixtepec Zapotec	Otomanguean	North America	170	162	91	56.17
yaoo1241	Yao	Atlantic-Congo	Africa	137	130	73	56.15
djin1253	Djinang	Pama-Nyungan	Australia	59	57	32	56.14
nsen1242	Nsenga	Atlantic-Congo	Africa	160	155	87	56.13
aito1238	Aiton	Tai-Kadai	Eurasia	102	98	55	56.12
liki1240	Balobo	Atlantic-Congo	Africa	99	98	55	56.12
bull1247	Bullom So	Atlantic-Congo	Africa	165	157	88	56.05
gali1258	Galician	Indo-European	Eurasia	192	182	102	56.04
mara1385	Marra	Mangarrayi-Maran	Australia	94	91	51	56.04
yabe1254	Yabem	Austronesian	Papunesia	95	91	51	56.04
bora1271	Borana-Arsi-Guji Oromo	Afro-Asiatic	Africa	78	75	42	56
band1340	Bandial	Atlantic-Congo	Africa	87	84	47	55.95
murr1258	Murriny Patha	Southern Daly	Australia	97	93	52	55.91
west2354	Western Frisian	Indo-European	Eurasia	187	179	100	55.87
bamu1253	Bamun	Atlantic-Congo	Africa	159	154	86	55.84
taya1257	Tayart Tamajeq	Afro-Asiatic	Africa	161	154	86	55.84
rawa1267	Rawa	Nuclear Trans New Guinea	Papunesia	89	86	48	55.81
west2635	Akateko	Mayan	North America	178	172	96	55.81
goon1238	Gooniyandi	Bunaban	Australia	99	95	53	55.79
thay1249	Thayore	Pama-Nyungan	Australia	99	95	53	55.79
cham1318	Chamicuro	Arawakan	South America	54	52	29	55.77
zaba1237	Zabana	Austronesian	Papunesia	163	158	88	55.7
igna1246	Ignaciano	Arawakan	South America	91	88	49	55.68
sang1330	Sangu (Tanzania)	Atlantic-Congo	Africa	88	88	49	55.68
sulk1246	Sulka		Papunesia	92	88	49	55.68
tafi1243	Tafi	Atlantic-Congo	Africa	93	88	49	55.68
bong1284	Bongili	Atlantic-Congo	Africa	102	97	54	55.67
guer1243	Guerrero Amuzgo	Otomanguean	North America	179	169	94	55.62
occi1239	Occitan	Indo-European	Eurasia	187	178	99	55.62
phoe1239	Phoenician	Afro-Asiatic	Eurasia	153	144	80	55.56
puni1241	Punic	Afro-Asiatic	Africa	153	144	80	55.56
zani1235	Zaniza Zapotec	Otomanguean	North America	162	153	85	55.56
dani1285	Danish	Indo-European	Eurasia	182	173	96	55.49
lati1261	Latin	Indo-European	Eurasia	193	182	101	55.49
dibo1245	Dibole	Atlantic-Congo	Africa	124	119	66	55.46
supy1237	Supyire Senoufo	Atlantic-Congo	Africa	195	184	102	55.43
ghom1257	Ghomara	Afro-Asiatic	Africa	158	148	82	55.41
sout2649	Southern Pashto	Indo-European	Eurasia	176	168	93	55.36
siro1249	Siroi	Nuclear Trans New Guinea	Papunesia	98	94	52	55.32
popt1235	Popti'	Mayan	North America	188	179	99	55.31
usan1239	Usan	Nuclear Trans New Guinea	Papunesia	100	96	53	55.21
sanm1295	San Miguel El Grande Mixtec	Otomanguean	North America	184	174	96	55.17
yine1238	Yine	Arawakan	South America	91	87	48	55.17
gari1256	Garifuna	Arawakan	North America	80	78	43	55.13
lamb1272	Lambya	Atlantic-Congo	Africa	132	127	70	55.12
sout1528	Serbian-Croatian-Bosnian	Indo-European	Eurasia	187	178	98	55.06
plau1238	Plautdietsch	Indo-European	North America	178	169	93	55.03
acha1250	Achagua	Arawakan	South America	124	120	66	55
port1283	Portuguese	Indo-European	Eurasia	192	182	100	54.95
moha1258	Mohawk	Iroquoian	North America	127	122	67	54.92
naas1242	Naasioi	South Bougainville	Papunesia	53	51	28	54.9
poli1260	Polish	Indo-European	Eurasia	195	184	101	54.89
isla1278	Island Carib	Arawakan	North America	85	82	45	54.88
chad1249	Chadian Arabic	Afro-Asiatic	Africa	146	144	79	54.86
tari1263	Tarifiyt-Beni-Iznasen-Eastern Middle Atlas Berber	Afro-Asiatic	Africa	151	144	79	54.86
kaby1243	Kabyle	Afro-Asiatic	Africa	65	62	34	54.84
wask1241	Waskia	Nuclear Trans New Guinea	Papunesia	86	84	46	54.76
zulu1248	Zulu	Atlantic-Congo	Africa	42	42	23	54.76
qaua1234	Central Gelao-Qau	Tai-Kadai	Eurasia	99	95	52	54.74
koys1242	Koy Sanjaq Jewish Neo-Aramaic	Afro-Asiatic	Eurasia	169	159	87	54.72
cors1241	Corsican	Indo-European	Eurasia	179	170	93	54.71
gube1234	Gubeeher-Gufangor-Gubelor	Atlantic-Congo	Africa	180	170	93	54.71
czec1258	Czech	Indo-European	Eurasia	191	181	99	54.7
ital1282	Italian	Indo-European	Eurasia	193	183	100	54.64
mana1298	Manambu	Ndu	Papunesia	194	183	100	54.64
phak1238	Phake	Tai-Kadai	Eurasia	101	97	53	54.64
tari1256	Tariana	Arawakan	South America	161	152	83	54.61
tuml1238	Tumleo	Austronesian	Papunesia	103	99	54	54.55
zoog1238	Zoogocho Zapotec	Otomanguean	North America	176	165	90	54.55
tezo1238	Tezoatlán Mixtec	Otomanguean	North America	162	156	85	54.49
hass1238	Hassaniyya	Afro-Asiatic	Africa	142	134	73	54.48
bamw1238	Bamwe	Atlantic-Congo	Africa	102	101	55	54.46
zinz1238	Zinza	Atlantic-Congo	Africa	106	101	55	54.46
roma1326	Romansh	Indo-European	Eurasia	178	169	92	54.44
temb1272	Motembo-Kunda	Atlantic-Congo	Africa	105	103	56	54.37
daha1245	Dahalo	Afro-Asiatic	Africa	46	46	25	54.35
mach1267	Machiguenga	Arawakan	South America	96	92	50	54.35
mode1248	Modern Greek	Indo-European	Eurasia	195	184	100	54.35
warl1254	Warlpiri	Pama-Nyungan	Australia	98	94	51	54.26
mali1285	Malinaltepec Me'phaa	Otomanguean	North America	160	153	83	54.25
makw1236	Makwe	Atlantic-Congo	Africa	86	83	45	54.22
nzad1234	Nzadi	Atlantic-Congo	Africa	101	98	53	54.08
anem1249	Anem		Papunesia	91	87	47	54.02
buki1249	Bukiyip	Nuclear Torricelli	Papunesia	90	87	47	54.02
awji1241	Awjilah	Afro-Asiatic	Africa	145	137	74	54.01
dime1235	Dime	South Omotic	Africa	52	50	27	54
taul1251	Taulil	Taulil-Butam	Papunesia	187	176	95	53.98
wayu1243	Wayuu	Arawakan	South America	117	113	61	53.98
kari1306	Kari	Atlantic-Congo	Africa	76	76	41	53.95
burm1264	Burmeso		Papunesia	65	65	35	53.85
gras1249	Grass Koiari	Koiarian	Papunesia	95	91	49	53.85
chiq1248	Lomeriano-Ignaciano Chiquitano	Chiquitano	South America	166	160	86	53.75
ajyi1238	Ajyíninka Apurucayali	Arawakan	South America	69	67	36	53.73
muna1247	Muna	Austronesian	Papunesia	99	95	51	53.68
tele1256	Telefol	Nuclear Trans New Guinea	Papunesia	99	95	51	53.68
wapi1253	Wapishana	Arawakan	South America	86	82	44	53.66
yasa1242	Yasa	Atlantic-Congo	Africa	101	97	52	53.61
iraq1241	Iraqw	Afro-Asiatic	Africa	116	112	60	53.57
suku1272	Sukur	Afro-Asiatic	Africa	102	99	53	53.54
kaul1240	Kaulong	Austronesian	Papunesia	90	86	46	53.49
puoc1238	Ksingmul	Austroasiatic	Eurasia	94	88	47	53.41
kama1367	Kamasau	Nuclear Torricelli	Papunesia	94	90	48	53.33
lomb1257	Lombard	Indo-European	Eurasia	190	180	96	53.33
chig1238	Chiga	Atlantic-Congo	Africa	95	92	49	53.26
hata1243	Hatam	Hatam-Mansim	Papunesia	96	92	49	53.26
yucu1253	Yucuna	Arawakan	South America	64	62	33	53.23
kawa1283	Kawaiisu	Uto-Aztecan	North America	34	32	17	53.12
maca1259	Macaguán	Guahiboan	South America	49	49	26	53.06
egaa1242	Ega	Atlantic-Congo	Africa	125	117	62	52.99
plat1254	Plateau Malagasy	Austronesian	Africa	89	85	45	52.94
boht1238	Gardabani Bohtan Neo-Aramaic	Afro-Asiatic	Eurasia	166	157	83	52.87
tain1253	Tainae	Angan	Papunesia	90	87	46	52.87
masa1300	Masai	Nilotic	Africa	73	70	37	52.86
waru1264	Warrongo	Pama-Nyungan	Australia	72	70	37	52.86
east2333	Eastern Mnong	Austroasiatic	Eurasia	36	36	19	52.78
taro1264	Seediq	Austronesian	Papunesia	75	72	38	52.78
stan1289	Catalan	Indo-European	Eurasia	193	182	96	52.75
stan1290	French	Indo-European	Eurasia	195	184	97	52.72
mlah1239	Mlahsô	Afro-Asiatic	Eurasia	117	114	60	52.63
sara1331	Saraveca	Arawakan	South America	19	19	10	52.63
uman1240	Umanakaina	Dagan	Papunesia	99	95	50	52.63
warl1255	Warlmanpa	Pama-Nyungan	Australia	41	38	20	52.63
sana1295	Sanaani Arabic	Afro-Asiatic	Eurasia	163	154	81	52.6
ngom1268	Ngombe (Democratic Republic of Congo)	Atlantic-Congo	Africa	121	116	61	52.59
guar1293	Baniva de Maroa	Arawakan	South America	101	97	51	52.58
movi1243	Movima		South America	167	162	85	52.47
haus1257	Hausa	Afro-Asiatic	Africa	91	84	44	52.38
bela1260	Lemeting	Austronesian	Papunesia	92	88	46	52.27
east2563	Eastern Cham	Austronesian	Eurasia	92	88	46	52.27
sier1250	Sierra de Juárez Zapotec	Otomanguean	North America	162	155	81	52.26
bard1255	Bardi	Nyulnyulan	Australia	94	90	47	52.22
dera1245	Dera (Indonesia)	Senagi	Papunesia	93	90	47	52.22
kalu1248	Kaluli	Bosavi	Papunesia	96	92	48	52.17
meya1236	Meyah	East Bird's Head	Papunesia	96	92	48	52.17
tiwi1244	Tiwi		Australia	102	98	51	52.04
alac1244	Alacatlatzala Mixtec	Otomanguean	North America	154	150	78	52
bela1254	Belarusian	Indo-European	Eurasia	190	179	93	51.96
luch1239	Luchazi	Atlantic-Congo	Africa	136	129	67	51.94
maun1240	Mawng	Iwaidjan Proper	Australia	194	183	95	51.91
wamb1259	Wambon	Nuclear Trans New Guinea	Papunesia	94	91	47	51.65
bamb1266	Bambili-Bambui	Atlantic-Congo	Africa	32	31	16	51.61
laoo1244	Lao	Tai-Kadai	Eurasia	99	95	49	51.58
mezo1235	Mezontla Popoloca	Otomanguean	North America	169	163	84	51.53
baga1273	Baga Koga	Atlantic-Congo	Africa	104	99	51	51.52
sisi1250	Sisiqa	Austronesian	Papunesia	71	68	35	51.47
mala1534	Malaweg	Austronesian	Papunesia	122	117	60	51.28
uppe1439	Upper Chehalis	Salishan	North America	164	156	80	51.28
wels1247	Welsh	Indo-European	Eurasia	173	164	84	51.22
kagf1238	Ut-Main	Atlantic-Congo	Africa	86	84	43	51.19
ramo1244	Ramoaaina	Austronesian	Papunesia	52	51	26	50.98
mong1338	Mongo	Atlantic-Congo	Africa	124	120	61	50.83
buta1242	Butam	Taulil-Butam	Papunesia	76	75	38	50.67
yape1248	Yapese	Austronesian	Papunesia	170	160	81	50.62
chal1275	Chaldean Neo-Aramaic	Afro-Asiatic	Eurasia	181	170	86	50.59
idaa1241	Ida'an	Austronesian	Papunesia	93	89	45	50.56
lito1235	Litoka	Atlantic-Congo	Africa	97	95	48	50.53
buku1249	Bukusu	Atlantic-Congo	Africa	52	52	26	50
gara1269	Garrwa	Garrwan	Australia	94	90	45	50
kore1283	Koreguaje	Tucanoan	South America	72	70	35	50
ling1263	Kinshasa Lingala	Atlantic-Congo	Africa	75	72	36	50
mehi1240	Mehináku	Arawakan	South America	4	4	2	50
pele1245	Pele-Ata		Papunesia	51	50	25	50
narr1259	Narrinyeri	Pama-Nyungan	Australia	72	69	34	49.28
bara1380	Barasana-Eduria	Tucanoan	South America	65	63	31	49.21
tere1278	Terei	South Bougainville	Papunesia	60	57	28	49.12
russ1263	Russian	Indo-European	Eurasia	193	184	90	48.91
iris1253	Irish	Indo-European	Eurasia	189	180	88	48.89
chim1312	Chimwiini	Atlantic-Congo	Africa	81	76	37	48.68
goli1247	Golin	Nuclear Trans New Guinea	Papunesia	88	85	40	47.06
mori1268	Mori Bawah	Austronesian	Papunesia	88	84	39	46.43
mali1284	Mali	Baining	Papunesia	102	98	44	44.9
kala1377	Kala Lagaw Ya	Pama-Nyungan	Australia	98	94	40	42.55
haio1238	Hai//om-Akhoe	Khoe-Kwadi	Africa	35	33	14	42.42
kolp1236	Kol (Papua New Guinea)		Papunesia	94	90	37	41.11
qaqe1238	Qaqet	Baining	Papunesia	55	53	20	37.74
bana1288	Banao Itneg	Austronesian	Papunesia	24	24	9	37.5
